    4.5075125209E-02    1.0009648589E+00    4.0004042145E-03    2.9963106614E-03    7.2919114578E-02
    9.0150250417E-02    1.0019297664E+00    4.0008101806E-03    2.9957026151E-03    7.2986637266E-02
    1.3522537563E-01    1.0028945172E+00    4.0012157051E-03    2.9950954150E-03    7.3054146258E-02
    1.8030050083E-01    1.0038591103E+00    4.0016207771E-03    2.9944890767E-03    7.3121641576E-02
    2.2537562604E-01    1.0048235459E+00    4.0020253976E-03    2.9938835981E-03    7.3189123238E-02
    2.7045075125E-01    1.0057878244E+00    4.0024295676E-03    2.9932789769E-03    7.3256591264E-02
    3.1552587646E-01    1.0067519458E+00    4.0028332881E-03    2.9926752110E-03    7.3324045672E-02
    3.6060100167E-01    1.0077159105E+00    4.0032365601E-03    2.9920722982E-03    7.3391486483E-02
    4.0567612688E-01    1.0086797187E+00    4.0036393846E-03    2.9914702362E-03    7.3458913715E-02
    4.5075125209E-01    1.0096433706E+00    4.0040417627E-03    2.9908690229E-03    7.3526327388E-02
    4.9582637730E-01    1.0106068665E+00    4.0044436954E-03    2.9902686561E-03    7.3593727521E-02
    5.4090150250E-01    1.0115702065E+00    4.0048451836E-03    2.9896691336E-03    7.3661114132E-02
    5.8597662771E-01    1.0125333908E+00    4.0052462283E-03    2.9890704532E-03    7.3728487241E-02
    6.3105175292E-01    1.0134964198E+00    4.0056468306E-03    2.9884726129E-03    7.3795846866E-02
    6.7612687813E-01    1.0144592936E+00    4.0060469915E-03    2.9878756104E-03    7.3863193027E-02
    7.2120200334E-01    1.0154220125E+00    4.0064467119E-03    2.9872794436E-03    7.3930525743E-02
    7.6627712855E-01    1.0163845767E+00    4.0068459928E-03    2.9866841105E-03    7.3997845032E-02
    8.1135225376E-01    1.0173469863E+00    4.0072448351E-03    2.9860896087E-03    7.4065150913E-02
    8.5642737896E-01    1.0183092417E+00    4.0076432400E-03    2.9854959364E-03    7.4132443404E-02
    9.0150250417E-01    1.0192713430E+00    4.0080412083E-03    2.9849030913E-03    7.4199722525E-02
    9.4657762938E-01    1.0202332905E+00    4.0084387411E-03    2.9843110713E-03    7.4266988294E-02
    9.9165275459E-01    1.0211950843E+00    4.0088358392E-03    2.9837198744E-03    7.4334240729E-02
    1.0367278798E+00    1.0221567248E+00    4.0092325038E-03    2.9831294984E-03    7.4401479850E-02
    1.0818030050E+00    1.0231182121E+00    4.0096287356E-03    2.9825399414E-03    7.4468705674E-02
    1.1268781302E+00    1.0240795464E+00    4.0100245357E-03    2.9819512011E-03    7.4535918221E-02
    1.1719532554E+00    1.0250407280E+00    4.0104199051E-03    2.9813632757E-03    7.4603117507E-02
    1.2170283806E+00    1.0260017571E+00    4.0108148446E-03    2.9807761629E-03    7.4670303553E-02
    1.2621035058E+00    1.0269626338E+00    4.0112093553E-03    2.9801898608E-03    7.4737476375E-02
    1.3071786311E+00    1.0279233585E+00    4.0116034381E-03    2.9796043673E-03    7.4804635993E-02
    1.3522537563E+00    1.0288839313E+00    4.0119970939E-03    2.9790196805E-03    7.4871782424E-02
    1.3973288815E+00    1.0298443524E+00    4.0123903237E-03    2.9784357982E-03    7.4938915687E-02
    1.4424040067E+00    1.0308046221E+00    4.0127831283E-03    2.9778527184E-03    7.5006035800E-02
    1.4874791319E+00    1.0317647405E+00    4.0131755089E-03    2.9772704392E-03    7.5073142780E-02
    1.5325542571E+00    1.0327247079E+00    4.0135674662E-03    2.9766889585E-03    7.5140236647E-02
    1.5776293823E+00    1.0336845246E+00    4.0139590012E-03    2.9761082744E-03    7.5207317417E-02
    1.6227045075E+00    1.0346441906E+00    4.0143501148E-03    2.9755283849E-03    7.5274385109E-02
    1.6677796327E+00    1.0356037062E+00    4.0147408080E-03    2.9749492879E-03    7.5341439740E-02
    1.7128547579E+00    1.0365630717E+00    4.0151310817E-03    2.9743709816E-03    7.5408481329E-02
    1.7579298831E+00    1.0375222872E+00    4.0155209367E-03    2.9737934639E-03    7.5475509893E-02
    1.8030050083E+00    1.0384813529E+00    4.0159103741E-03    2.9732167328E-03    7.5542525451E-02
    1.8480801336E+00    1.0394402691E+00    4.0162993946E-03    2.9726407865E-03    7.5609528019E-02
    1.8931552588E+00    1.0403990360E+00    4.0166879993E-03    2.9720656230E-03    7.5676517615E-02
    1.9382303840E+00    1.0413576537E+00    4.0170761889E-03    2.9714912404E-03    7.5743494258E-02
    1.9833055092E+00    1.0423161226E+00    4.0174639645E-03    2.9709176367E-03    7.5810457964E-02
    2.0283806344E+00    1.0432744427E+00    4.0178513269E-03    2.9703448099E-03    7.5877408751E-02
    2.0734557596E+00    1.0442326143E+00    4.0182382770E-03    2.9697727583E-03    7.5944346637E-02
    2.1185308848E+00    1.0451906376E+00    4.0186248157E-03    2.9692014798E-03    7.6011271639E-02
    2.1636060100E+00    1.0461485129E+00    4.0190109439E-03    2.9686309726E-03    7.6078183774E-02
    2.2086811352E+00    1.0471062402E+00    4.0193966625E-03    2.9680612348E-03    7.6145083060E-02
    2.2537562604E+00    1.0480638199E+00    4.0197819724E-03    2.9674922644E-03    7.6211969514E-02
    2.2988313856E+00    1.0490212520E+00    4.0201668743E-03    2.9669240597E-03    7.6278843154E-02
    2.3439065109E+00    1.0499785370E+00    4.0205513693E-03    2.9663566186E-03    7.6345703996E-02
    2.3889816361E+00    1.0509356748E+00    4.0209354582E-03    2.9657899394E-03    7.6412552059E-02
    2.4340567613E+00    1.0518926658E+00    4.0213191419E-03    2.9652240203E-03    7.6479387358E-02
    2.4791318865E+00    1.0528495101E+00    4.0217024212E-03    2.9646588592E-03    7.6546209911E-02
    2.5242070117E+00    1.0538062079E+00    4.0220852970E-03    2.9640944544E-03    7.6613019736E-02
    2.5692821369E+00    1.0547627595E+00    4.0224677701E-03    2.9635308041E-03    7.6679816848E-02
    2.6143572621E+00    1.0557191650E+00    4.0228498415E-03    2.9629679064E-03    7.6746601266E-02
    2.6594323873E+00    1.0566754247E+00    4.0232315119E-03    2.9624057594E-03    7.6813373006E-02
    2.7045075125E+00    1.0576315387E+00    4.0236127823E-03    2.9618443614E-03    7.6880132085E-02
    2.7495826377E+00    1.0585875072E+00    4.0239936535E-03    2.9612837106E-03    7.6946878520E-02
    2.7946577629E+00    1.0595433305E+00    4.0243741263E-03    2.9607238051E-03    7.7013612328E-02
    2.8397328881E+00    1.0604990087E+00    4.0247542016E-03    2.9601646430E-03    7.7080333525E-02
    2.8848080134E+00    1.0614545421E+00    4.0251338802E-03    2.9596062227E-03    7.7147042128E-02
    2.9298831386E+00    1.0624099308E+00    4.0255131630E-03    2.9590485424E-03    7.7213738154E-02
    2.9749582638E+00    1.0633651749E+00    4.0258920508E-03    2.9584916002E-03    7.7280421620E-02
    3.0200333890E+00    1.0643202749E+00    4.0262705444E-03    2.9579353943E-03    7.7347092542E-02
    3.0651085142E+00    1.0652752307E+00    4.0266486447E-03    2.9573799230E-03    7.7413750936E-02
    3.1101836394E+00    1.0662300427E+00    4.0270263526E-03    2.9568251846E-03    7.7480396820E-02
    3.1552587646E+00    1.0671847109E+00    4.0274036687E-03    2.9562711772E-03    7.7547030210E-02
    3.2003338898E+00    1.0681392357E+00    4.0277805941E-03    2.9557178992E-03    7.7613651122E-02
    3.2454090150E+00    1.0690936172E+00    4.0281571294E-03    2.9551653487E-03    7.7680259572E-02
    3.2904841402E+00    1.0700478555E+00    4.0285332755E-03    2.9546135240E-03    7.7746855578E-02
    3.3355592654E+00    1.0710019509E+00    4.0289090332E-03    2.9540624234E-03    7.7813439155E-02
    3.3806343907E+00    1.0719559036E+00    4.0292844034E-03    2.9535120451E-03    7.7880010320E-02
    3.4257095159E+00    1.0729097138E+00    4.0296593868E-03    2.9529623875E-03    7.7946569089E-02
    3.4707846411E+00    1.0738633817E+00    4.0300339843E-03    2.9524134488E-03    7.8013115477E-02
    3.5158597663E+00    1.0748169073E+00    4.0304081966E-03    2.9518652273E-03    7.8079649502E-02
    3.5609348915E+00    1.0757702911E+00    4.0307820246E-03    2.9513177212E-03    7.8146171180E-02
    3.6060100167E+00    1.0767235330E+00    4.0311554691E-03    2.9507709290E-03    7.8212680526E-02
    3.6510851419E+00    1.0776766334E+00    4.0315285308E-03    2.9502248489E-03    7.8279177557E-02
    3.6961602671E+00    1.0786295924E+00    4.0319012106E-03    2.9496794791E-03    7.8345662289E-02
    3.7412353923E+00    1.0795824102E+00    4.0322735093E-03    2.9491348181E-03    7.8412134737E-02
    3.7863105175E+00    1.0805350869E+00    4.0326454277E-03    2.9485908641E-03    7.8478594918E-02
    3.8313856427E+00    1.0814876229E+00    4.0330169664E-03    2.9480476156E-03    7.8545042847E-02
    3.8764607679E+00    1.0824400182E+00    4.0333881265E-03    2.9475050707E-03    7.8611478541E-02
    3.9215358932E+00    1.0833922730E+00    4.0337589085E-03    2.9469632278E-03    7.8677902015E-02
    3.9666110184E+00    1.0843443876E+00    4.0341293133E-03    2.9464220854E-03    7.8744313286E-02
    4.0116861436E+00    1.0852963621E+00    4.0344993417E-03    2.9458816417E-03    7.8810712368E-02
    4.0567612688E+00    1.0862481967E+00    4.0348689945E-03    2.9453418951E-03    7.8877099277E-02
    4.1018363940E+00    1.0871998916E+00    4.0352382724E-03    2.9448028440E-03    7.8943474030E-02
    4.1469115192E+00    1.0881514470E+00    4.0356071762E-03    2.9442644867E-03    7.9009836642E-02
    4.1919866444E+00    1.0891028631E+00    4.0359757066E-03    2.9437268216E-03    7.9076187128E-02
    4.2370617696E+00    1.0900541399E+00    4.0363438645E-03    2.9431898471E-03    7.9142525505E-02
    4.2821368948E+00    1.0910052778E+00    4.0367116506E-03    2.9426535616E-03    7.9208851787E-02
    4.3272120200E+00    1.0919562770E+00    4.0370790657E-03    2.9421179634E-03    7.9275165990E-02
    4.3722871452E+00    1.0929071375E+00    4.0374461105E-03    2.9415830510E-03    7.9341468130E-02
    4.4173622705E+00    1.0938578596E+00    4.0378127858E-03    2.9410488227E-03    7.9407758222E-02
    4.4624373957E+00    1.0948084434E+00    4.0381790923E-03    2.9405152770E-03    7.9474036282E-02
    4.5075125209E+00    1.0957588892E+00    4.0385450309E-03    2.9399824123E-03    7.9540302324E-02
    4.5525876461E+00    1.0967091971E+00    4.0389106022E-03    2.9394502269E-03    7.9606556365E-02
    4.5976627713E+00    1.0976593673E+00    4.0392758069E-03    2.9389187194E-03    7.9672798419E-02
    4.6427378965E+00    1.0986093999E+00    4.0396406460E-03    2.9383878882E-03    7.9739028502E-02
    4.6878130217E+00    1.0995592953E+00    4.0400051200E-03    2.9378577316E-03    7.9805246629E-02
    4.7328881469E+00    1.1005090534E+00    4.0403692297E-03    2.9373282481E-03    7.9871452815E-02
    4.7779632721E+00    1.1014586746E+00    4.0407329759E-03    2.9367994361E-03    7.9937647075E-02
    4.8230383973E+00    1.1024081590E+00    4.0410963593E-03    2.9362712942E-03    8.0003829424E-02
    4.8681135225E+00    1.1033575067E+00    4.0414593806E-03    2.9357438208E-03    8.0069999879E-02
    4.9131886477E+00    1.1043067180E+00    4.0418220407E-03    2.9352170142E-03    8.0136158452E-02
    4.9582637730E+00    1.1052557930E+00    4.0421843401E-03    2.9346908730E-03    8.0202305160E-02
    5.0033388982E+00    1.1062047319E+00    4.0425462796E-03    2.9341653957E-03    8.0268440018E-02
    5.0484140234E+00    1.1071535349E+00    4.0429078601E-03    2.9336405808E-03    8.0334563041E-02
    5.0934891486E+00    1.1081022022E+00    4.0432690821E-03    2.9331164266E-03    8.0400674242E-02
    5.1385642738E+00    1.1090507339E+00    4.0436299464E-03    2.9325929317E-03    8.0466773638E-02
    5.1836393990E+00    1.1099991301E+00    4.0439904537E-03    2.9320700946E-03    8.0532861243E-02
    5.2287145242E+00    1.1109473912E+00    4.0443506048E-03    2.9315479138E-03    8.0598937072E-02
    5.2737896494E+00    1.1118955172E+00    4.0447104003E-03    2.9310263877E-03    8.0665001140E-02
    5.3188647746E+00    1.1128435083E+00    4.0450698410E-03    2.9305055150E-03    8.0731053461E-02
    5.3639398998E+00    1.1137913647E+00    4.0454289276E-03    2.9299852940E-03    8.0797094050E-02
    5.4090150250E+00    1.1147390866E+00    4.0457876607E-03    2.9294657233E-03    8.0863122922E-02
    5.4540901503E+00    1.1156866742E+00    4.0461460412E-03    2.9289468015E-03    8.0929140092E-02
    5.4991652755E+00    1.1166341275E+00    4.0465040697E-03    2.9284285270E-03    8.0995145573E-02
    5.5442404007E+00    1.1175814469E+00    4.0468617468E-03    2.9279108984E-03    8.1061139382E-02
    5.5893155259E+00    1.1185286324E+00    4.0472190734E-03    2.9273939142E-03    8.1127121531E-02
    5.6343906511E+00    1.1194756842E+00    4.0475760501E-03    2.9268775729E-03    8.1193092036E-02
    5.6794657763E+00    1.1204226025E+00    4.0479326775E-03    2.9263618731E-03    8.1259050911E-02
    5.7245409015E+00    1.1213693875E+00    4.0482889565E-03    2.9258468134E-03    8.1324998171E-02
    5.7696160267E+00    1.1223160393E+00    4.0486448876E-03    2.9253323923E-03    8.1390933830E-02
    5.8146911519E+00    1.1232625582E+00    4.0490004716E-03    2.9248186083E-03    8.1456857902E-02
    5.8597662771E+00    1.1242089442E+00    4.0493557092E-03    2.9243054601E-03    8.1522770402E-02
    5.9048414023E+00    1.1251551976E+00    4.0497106010E-03    2.9237929461E-03    8.1588671344E-02
    5.9499165275E+00    1.1261013184E+00    4.0500651478E-03    2.9232810650E-03    8.1654560742E-02
    5.9949916528E+00    1.1270473070E+00    4.0504193501E-03    2.9227698154E-03    8.1720438611E-02
    6.0400667780E+00    1.1279931634E+00    4.0507732088E-03    2.9222591957E-03    8.1786304965E-02
    6.0851419032E+00    1.1289388878E+00    4.0511267244E-03    2.9217492047E-03    8.1852159817E-02
    6.1302170284E+00    1.1298844804E+00    4.0514798977E-03    2.9212398408E-03    8.1918003183E-02
    6.1752921536E+00    1.1308299413E+00    4.0518327292E-03    2.9207311027E-03    8.1983835076E-02
    6.2203672788E+00    1.1317752708E+00    4.0521852198E-03    2.9202229891E-03    8.2049655510E-02
    6.2654424040E+00    1.1327204689E+00    4.0525373700E-03    2.9197154984E-03    8.2115464500E-02
    6.3105175292E+00    1.1336655359E+00    4.0528891806E-03    2.9192086293E-03    8.2181262059E-02
    6.3555926544E+00    1.1346104719E+00    4.0532406521E-03    2.9187023804E-03    8.2247048201E-02
    6.4006677796E+00    1.1355552771E+00    4.0535917853E-03    2.9181967504E-03    8.2312822941E-02
    6.4457429048E+00    1.1364999515E+00    4.0539425808E-03    2.9176917378E-03    8.2378586292E-02
    6.4908180301E+00    1.1374444955E+00    4.0542930393E-03    2.9171873413E-03    8.2444338269E-02
    6.5358931553E+00    1.1383889092E+00    4.0546431614E-03    2.9166835595E-03    8.2510078884E-02
    6.5809682805E+00    1.1393331927E+00    4.0549929478E-03    2.9161803910E-03    8.2575808152E-02
    6.6260434057E+00    1.1402773461E+00    4.0553423992E-03    2.9156778346E-03    8.2641526087E-02
    6.6711185309E+00    1.1412213697E+00    4.0556915161E-03    2.9151758887E-03    8.2707232702E-02
    6.7161936561E+00    1.1421652637E+00    4.0560402993E-03    2.9146745522E-03    8.2772928012E-02
    6.7612687813E+00    1.1431090281E+00    4.0563887494E-03    2.9141738236E-03    8.2838612030E-02
    6.8063439065E+00    1.1440526631E+00    4.0567368670E-03    2.9136737015E-03    8.2904284769E-02
    6.8514190317E+00    1.1449961689E+00    4.0570846528E-03    2.9131741848E-03    8.2969946243E-02
    6.8964941569E+00    1.1459395457E+00    4.0574321074E-03    2.9126752719E-03    8.3035596467E-02
    6.9415692821E+00    1.1468827936E+00    4.0577792315E-03    2.9121769617E-03    8.3101235453E-02
    6.9866444073E+00    1.1478259128E+00    4.0581260257E-03    2.9116792527E-03    8.3166863215E-02
    7.0317195326E+00    1.1487689033E+00    4.0584724906E-03    2.9111821436E-03    8.3232479766E-02
    7.0767946578E+00    1.1497117655E+00    4.0588186269E-03    2.9106856332E-03    8.3298085121E-02
    7.1218697830E+00    1.1506544995E+00    4.0591644353E-03    2.9101897201E-03    8.3363679293E-02
    7.1669449082E+00    1.1515971053E+00    4.0595099162E-03    2.9096944030E-03    8.3429262294E-02
    7.2120200334E+00    1.1525395832E+00    4.0598550704E-03    2.9091996806E-03    8.3494834139E-02
    7.2570951586E+00    1.1534819333E+00    4.0601998986E-03    2.9087055516E-03    8.3560394840E-02
    7.3021702838E+00    1.1544241558E+00    4.0605444012E-03    2.9082120147E-03    8.3625944412E-02
    7.3472454090E+00    1.1553662509E+00    4.0608885790E-03    2.9077190686E-03    8.3691482868E-02
    7.3923205342E+00    1.1563082186E+00    4.0612324326E-03    2.9072267120E-03    8.3757010220E-02
    7.4373956594E+00    1.1572500592E+00    4.0615759625E-03    2.9067349437E-03    8.3822526482E-02
    7.4824707846E+00    1.1581917728E+00    4.0619191695E-03    2.9062437623E-03    8.3888031668E-02
    7.5275459098E+00    1.1591333595E+00    4.0622620541E-03    2.9057531666E-03    8.3953525791E-02
    7.5726210351E+00    1.1600748196E+00    4.0626046169E-03    2.9052631553E-03    8.4019008863E-02
    7.6176961603E+00    1.1610161531E+00    4.0629468586E-03    2.9047737272E-03    8.4084480898E-02
    7.6627712855E+00    1.1619573602E+00    4.0632887797E-03    2.9042848809E-03    8.4149941909E-02
    7.7078464107E+00    1.1628984412E+00    4.0636303809E-03    2.9037966153E-03    8.4215391909E-02
    7.7529215359E+00    1.1638393960E+00    4.0639716628E-03    2.9033089290E-03    8.4280830911E-02
    7.7979966611E+00    1.1647802249E+00    4.0643126260E-03    2.9028218209E-03    8.4346258929E-02
    7.8430717863E+00    1.1657209281E+00    4.0646532711E-03    2.9023352896E-03    8.4411675975E-02
    7.8881469115E+00    1.1666615057E+00    4.0649935987E-03    2.9018493339E-03    8.4477082062E-02
    7.9332220367E+00    1.1676019577E+00    4.0653336093E-03    2.9013639526E-03    8.4542477203E-02
    7.9782971619E+00    1.1685422845E+00    4.0656733037E-03    2.9008791444E-03    8.4607861412E-02
    8.0233722871E+00    1.1694824862E+00    4.0660126823E-03    2.9003949082E-03    8.4673234700E-02
    8.0684474124E+00    1.1704225628E+00    4.0663517459E-03    2.8999112426E-03    8.4738597082E-02
    8.1135225376E+00    1.1713625145E+00    4.0666904949E-03    2.8994281465E-03    8.4803948569E-02
    8.1585976628E+00    1.1723023416E+00    4.0670289300E-03    2.8989456186E-03    8.4869289175E-02
    8.2036727880E+00    1.1732420441E+00    4.0673670518E-03    2.8984636577E-03    8.4934618912E-02
    8.2487479132E+00    1.1741816222E+00    4.0677048608E-03    2.8979822627E-03    8.4999937794E-02
    8.2938230384E+00    1.1751210760E+00    4.0680423576E-03    2.8975014322E-03    8.5065245832E-02
    8.3388981636E+00    1.1760604058E+00    4.0683795429E-03    2.8970211652E-03    8.5130543040E-02
    8.3839732888E+00    1.1769996116E+00    4.0687164172E-03    2.8965414603E-03    8.5195829430E-02
    8.4290484140E+00    1.1779386935E+00    4.0690529811E-03    2.8960623164E-03    8.5261105015E-02
    8.4741235392E+00    1.1788776518E+00    4.0693892352E-03    2.8955837323E-03    8.5326369808E-02
    8.5191986644E+00    1.1798164866E+00    4.0697251800E-03    2.8951057068E-03    8.5391623821E-02
    8.5642737896E+00    1.1807551981E+00    4.0700608162E-03    2.8946282387E-03    8.5456867066E-02
    8.6093489149E+00    1.1816937863E+00    4.0703961442E-03    2.8941513268E-03    8.5522099557E-02
    8.6544240401E+00    1.1826322514E+00    4.0707311648E-03    2.8936749700E-03    8.5587321306E-02
    8.6994991653E+00    1.1835705936E+00    4.0710658784E-03    2.8931991671E-03    8.5652532325E-02
    8.7445742905E+00    1.1845088131E+00    4.0714002856E-03    2.8927239168E-03    8.5717732627E-02
    8.7896494157E+00    1.1854469099E+00    4.0717343870E-03    2.8922492182E-03    8.5782922224E-02
    8.8347245409E+00    1.1863848842E+00    4.0720681832E-03    2.8917750698E-03    8.5848101129E-02
    8.8797996661E+00    1.1873227362E+00    4.0724016747E-03    2.8913014707E-03    8.5913269354E-02
    8.9248747913E+00    1.1882604660E+00    4.0727348621E-03    2.8908284196E-03    8.5978426911E-02
    8.9699499165E+00    1.1891980737E+00    4.0730677459E-03    2.8903559154E-03    8.6043573813E-02
    9.0150250417E+00    1.1901355595E+00    4.0734003268E-03    2.8898839570E-03    8.6108710072E-02
    9.0601001669E+00    1.1910729236E+00    4.0737326053E-03    2.8894125431E-03    8.6173835700E-02
    9.1051752922E+00    1.1920101660E+00    4.0740645819E-03    2.8889416727E-03    8.6238950710E-02
    9.1502504174E+00    1.1929472870E+00    4.0743962571E-03    2.8884713446E-03    8.6304055114E-02
    9.1953255426E+00    1.1938842866E+00    4.0747276317E-03    2.8880015576E-03    8.6369148924E-02
    9.2404006678E+00    1.1948211650E+00    4.0750587060E-03    2.8875323107E-03    8.6434232152E-02
    9.2854757930E+00    1.1957579224E+00    4.0753894807E-03    2.8870636027E-03    8.6499304810E-02
    9.3305509182E+00    1.1966945589E+00    4.0757199563E-03    2.8865954325E-03    8.6564366911E-02
    9.3756260434E+00    1.1976310746E+00    4.0760501333E-03    2.8861277989E-03    8.6629418467E-02
    9.4207011686E+00    1.1985674697E+00    4.0763800124E-03    2.8856607009E-03    8.6694459489E-02
    9.4657762938E+00    1.1995037443E+00    4.0767095940E-03    2.8851941372E-03    8.6759489990E-02
    9.5108514190E+00    1.2004398986E+00    4.0770388787E-03    2.8847281069E-03    8.6824509982E-02
    9.5559265442E+00    1.2013759327E+00    4.0773678670E-03    2.8842626088E-03    8.6889519477E-02
    9.6010016694E+00    1.2023118467E+00    4.0776965595E-03    2.8837976417E-03    8.6954518486E-02
    9.6460767947E+00    1.2032476408E+00    4.0780249567E-03    2.8833332046E-03    8.7019507023E-02
    9.6911519199E+00    1.2041833151E+00    4.0783530592E-03    2.8828692964E-03    8.7084485097E-02
    9.7362270451E+00    1.2051188698E+00    4.0786808674E-03    2.8824059160E-03    8.7149452723E-02
    9.7813021703E+00    1.2060543050E+00    4.0790083820E-03    2.8819430623E-03    8.7214409911E-02
    9.8263772955E+00    1.2069896208E+00    4.0793356035E-03    2.8814807342E-03    8.7279356673E-02
    9.8714524207E+00    1.2079248174E+00    4.0796625323E-03    2.8810189306E-03    8.7344293022E-02
    9.9165275459E+00    1.2088598949E+00    4.0799891691E-03    2.8805576504E-03    8.7409218968E-02
    9.9616026711E+00    1.2097948535E+00    4.0803155143E-03    2.8800968926E-03    8.7474134524E-02
    1.0006677796E+01    1.2107296932E+00    4.0806415686E-03    2.8796366560E-03    8.7539039702E-02
    1.0051752922E+01    1.2116644143E+00    4.0809673323E-03    2.8791769397E-03    8.7603934513E-02
    1.0096828047E+01    1.2125990168E+00    4.0812928060E-03    2.8787177424E-03    8.7668818969E-02
    1.0141903172E+01    1.2135335010E+00    4.0816179904E-03    2.8782590633E-03    8.7733693082E-02
    1.0186978297E+01    1.2144678669E+00    4.0819428858E-03    2.8778009011E-03    8.7798556863E-02
    1.0232053422E+01    1.2154021147E+00    4.0822674928E-03    2.8773432548E-03    8.7863410323E-02
    1.0277128548E+01    1.2163362444E+00    4.0825918119E-03    2.8768861235E-03    8.7928253476E-02
    1.0322203673E+01    1.2172702564E+00    4.0829158437E-03    2.8764295059E-03    8.7993086331E-02
    1.0367278798E+01    1.2182041506E+00    4.0832395886E-03    2.8759734011E-03    8.8057908902E-02
    1.0412353923E+01    1.2191379272E+00    4.0835630472E-03    2.8755178081E-03    8.8122721198E-02
    1.0457429048E+01    1.2200715864E+00    4.0838862200E-03    2.8750627257E-03    8.8187523233E-02
    1.0502504174E+01    1.2210051282E+00    4.0842091075E-03    2.8746081529E-03    8.8252315016E-02
    1.0547579299E+01    1.2219385529E+00    4.0845317102E-03    2.8741540887E-03    8.8317096561E-02
    1.0592654424E+01    1.2228718606E+00    4.0848540286E-03    2.8737005321E-03    8.8381867878E-02
    1.0637729549E+01    1.2238050513E+00    4.0851760633E-03    2.8732474820E-03    8.8446628978E-02
    1.0682804674E+01    1.2247381253E+00    4.0854978147E-03    2.8727949374E-03    8.8511379873E-02
    1.0727879800E+01    1.2256710826E+00    4.0858192833E-03    2.8723428973E-03    8.8576120575E-02
    1.0772954925E+01    1.2266039234E+00    4.0861404697E-03    2.8718913606E-03    8.8640851095E-02
    1.0818030050E+01    1.2275366478E+00    4.0864613744E-03    2.8714403263E-03    8.8705571443E-02
    1.0863105175E+01    1.2284692560E+00    4.0867819978E-03    2.8709897934E-03    8.8770281633E-02
    1.0908180301E+01    1.2294017480E+00    4.0871023404E-03    2.8705397609E-03    8.8834981673E-02
    1.0953255426E+01    1.2303341241E+00    4.0874224028E-03    2.8700902278E-03    8.8899671577E-02
    1.0998330551E+01    1.2312663843E+00    4.0877421855E-03    2.8696411931E-03    8.8964351355E-02
    1.1043405676E+01    1.2321985289E+00    4.0880616889E-03    2.8691926557E-03    8.9029021019E-02
    1.1088480801E+01    1.2331305578E+00    4.0883809135E-03    2.8687446146E-03    8.9093680579E-02
    1.1133555927E+01    1.2340624712E+00    4.0886998599E-03    2.8682970689E-03    8.9158330047E-02
    1.1178631052E+01    1.2349942694E+00    4.0890185285E-03    2.8678500176E-03    8.9222969434E-02
    1.1223706177E+01    1.2359259523E+00    4.0893369198E-03    2.8674034597E-03    8.9287598751E-02
    1.1268781302E+01    1.2368575202E+00    4.0896550343E-03    2.8669573941E-03    8.9352218010E-02
    1.1313856427E+01    1.2377889731E+00    4.0899728725E-03    2.8665118198E-03    8.9416827220E-02
    1.1358931553E+01    1.2387203113E+00    4.0902904349E-03    2.8660667360E-03    8.9481426395E-02
    1.1404006678E+01    1.2396515347E+00    4.0906077220E-03    2.8656221416E-03    8.9546015543E-02
    1.1449081803E+01    1.2405826436E+00    4.0909247342E-03    2.8651780356E-03    8.9610594677E-02
    1.1494156928E+01    1.2415136381E+00    4.0912414721E-03    2.8647344171E-03    8.9675163807E-02
    1.1539232053E+01    1.2424445183E+00    4.0915579361E-03    2.8642912851E-03    8.9739722945E-02
    1.1584307179E+01    1.2433752843E+00    4.0918741266E-03    2.8638486386E-03    8.9804272101E-02
    1.1629382304E+01    1.2443059363E+00    4.0921900443E-03    2.8634064766E-03    8.9868811286E-02
    1.1674457429E+01    1.2452364744E+00    4.0925056895E-03    2.8629647982E-03    8.9933340512E-02
    1.1719532554E+01    1.2461668987E+00    4.0928210628E-03    2.8625236024E-03    8.9997859788E-02
    1.1764607679E+01    1.2470972093E+00    4.0931361645E-03    2.8620828882E-03    9.0062369127E-02
    1.1809682805E+01    1.2480274064E+00    4.0934509953E-03    2.8616426548E-03    9.0126868538E-02
    1.1854757930E+01    1.2489574901E+00    4.0937655555E-03    2.8612029010E-03    9.0191358033E-02
    1.1899833055E+01    1.2498874606E+00    4.0940798456E-03    2.8607636261E-03    9.0255837623E-02
    1.1944908180E+01    1.2508173178E+00    4.0943938661E-03    2.8603248290E-03    9.0320307317E-02
    1.1989983306E+01    1.2517470621E+00    4.0947076175E-03    2.8598865088E-03    9.0384767128E-02
    1.2035058431E+01    1.2526766935E+00    4.0950211003E-03    2.8594486646E-03    9.0449217065E-02
    1.2080133556E+01    1.2536062121E+00    4.0953343148E-03    2.8590112953E-03    9.0513657140E-02
    1.2125208681E+01    1.2545356180E+00    4.0956472616E-03    2.8585744001E-03    9.0578087363E-02
    1.2170283806E+01    1.2554649114E+00    4.0959599412E-03    2.8581379781E-03    9.0642507744E-02
    1.2215358932E+01    1.2563940924E+00    4.0962723539E-03    2.8577020282E-03    9.0706918295E-02
    1.2260434057E+01    1.2573231612E+00    4.0965845003E-03    2.8572665496E-03    9.0771319026E-02
    1.2305509182E+01    1.2582521178E+00    4.0968963809E-03    2.8568315413E-03    9.0835709948E-02
    1.2350584307E+01    1.2591809623E+00    4.0972079960E-03    2.8563970025E-03    9.0900091071E-02
    1.2395659432E+01    1.2601096950E+00    4.0975193461E-03    2.8559629322E-03    9.0964462406E-02
    1.2440734558E+01    1.2610383159E+00    4.0978304317E-03    2.8555293294E-03    9.1028823963E-02
    1.2485809683E+01    1.2619668251E+00    4.0981412533E-03    2.8550961932E-03    9.1093175753E-02
    1.2530884808E+01    1.2628952228E+00    4.0984518113E-03    2.8546635229E-03    9.1157517787E-02
    1.2575959933E+01    1.2638235091E+00    4.0987621062E-03    2.8542313173E-03    9.1221850074E-02
    1.2621035058E+01    1.2647516840E+00    4.0990721384E-03    2.8537995757E-03    9.1286172626E-02
    1.2666110184E+01    1.2656797479E+00    4.0993819083E-03    2.8533682970E-03    9.1350485453E-02
    1.2711185309E+01    1.2666077006E+00    4.0996914165E-03    2.8529374805E-03    9.1414788564E-02
    1.2756260434E+01    1.2675355425E+00    4.1000006633E-03    2.8525071252E-03    9.1479081972E-02
    1.2801335559E+01    1.2684632735E+00    4.1003096492E-03    2.8520772302E-03    9.1543365685E-02
    1.2846410684E+01    1.2693908939E+00    4.1006183747E-03    2.8516477946E-03    9.1607639715E-02
    1.2891485810E+01    1.2703184037E+00    4.1009268402E-03    2.8512188175E-03    9.1671904072E-02
    1.2936560935E+01    1.2712458031E+00    4.1012350461E-03    2.8507902980E-03    9.1736158766E-02
    1.2981636060E+01    1.2721730921E+00    4.1015429929E-03    2.8503622352E-03    9.1800403807E-02
    1.3026711185E+01    1.2731002709E+00    4.1018506811E-03    2.8499346284E-03    9.1864639205E-02
    1.3071786311E+01    1.2740273397E+00    4.1021581110E-03    2.8495074764E-03    9.1928864972E-02
    1.3116861436E+01    1.2749542985E+00    4.1024652831E-03    2.8490807786E-03    9.1993081117E-02
    1.3161936561E+01    1.2758811475E+00    4.1027721979E-03    2.8486545339E-03    9.2057287650E-02
    1.3207011686E+01    1.2768078867E+00    4.1030788558E-03    2.8482287416E-03    9.2121484582E-02
    1.3252086811E+01    1.2777345163E+00    4.1033852572E-03    2.8478034007E-03    9.2185671922E-02
    1.3297161937E+01    1.2786610365E+00    4.1036914026E-03    2.8473785104E-03    9.2249849682E-02
    1.3342237062E+01    1.2795874472E+00    4.1039972924E-03    2.8469540699E-03    9.2314017870E-02
    1.3387312187E+01    1.2805137488E+00    4.1043029270E-03    2.8465300781E-03    9.2378176498E-02
    1.3432387312E+01    1.2814399412E+00    4.1046083069E-03    2.8461065344E-03    9.2442325575E-02
    1.3477462437E+01    1.2823660246E+00    4.1049134324E-03    2.8456834377E-03    9.2506465111E-02
    1.3522537563E+01    1.2832919991E+00    4.1052183041E-03    2.8452607873E-03    9.2570595117E-02
    1.3567612688E+01    1.2842178648E+00    4.1055229223E-03    2.8448385823E-03    9.2634715603E-02
    1.3612687813E+01    1.2851436218E+00    4.1058272875E-03    2.8444168219E-03    9.2698826578E-02
    1.3657762938E+01    1.2860692703E+00    4.1061314001E-03    2.8439955051E-03    9.2762928052E-02
    1.3702838063E+01    1.2869948104E+00    4.1064352605E-03    2.8435746312E-03    9.2827020036E-02
    1.3747913189E+01    1.2879202422E+00    4.1067388692E-03    2.8431541993E-03    9.2891102540E-02
    1.3792988314E+01    1.2888455658E+00    4.1070422266E-03    2.8427342085E-03    9.2955175573E-02
    1.3838063439E+01    1.2897707813E+00    4.1073453331E-03    2.8423146581E-03    9.3019239145E-02
    1.3883138564E+01    1.2906958888E+00    4.1076481891E-03    2.8418955471E-03    9.3083293267E-02
    1.3928213689E+01    1.2916208885E+00    4.1079507950E-03    2.8414768747E-03    9.3147337947E-02
    1.3973288815E+01    1.2925457804E+00    4.1082531513E-03    2.8410586401E-03    9.3211373197E-02
    1.4018363940E+01    1.2934705648E+00    4.1085552583E-03    2.8406408425E-03    9.3275399026E-02
    1.4063439065E+01    1.2943952416E+00    4.1088571166E-03    2.8402234810E-03    9.3339415444E-02
    1.4108514190E+01    1.2953198110E+00    4.1091587264E-03    2.8398065548E-03    9.3403422460E-02
    1.4153589316E+01    1.2962442732E+00    4.1094600883E-03    2.8393900630E-03    9.3467420085E-02
    1.4198664441E+01    1.2971686282E+00    4.1097612027E-03    2.8389740049E-03    9.3531408328E-02
    1.4243739566E+01    1.2980928762E+00    4.1100620698E-03    2.8385583796E-03    9.3595387198E-02
    1.4288814691E+01    1.2990170172E+00    4.1103626903E-03    2.8381431864E-03    9.3659356707E-02
    1.4333889816E+01    1.2999410514E+00    4.1106630644E-03    2.8377284243E-03    9.3723316863E-02
    1.4378964942E+01    1.3008649789E+00    4.1109631926E-03    2.8373140926E-03    9.3787267676E-02
    1.4424040067E+01    1.3017887998E+00    4.1112630753E-03    2.8369001904E-03    9.3851209156E-02
    1.4469115192E+01    1.3027125143E+00    4.1115627129E-03    2.8364867170E-03    9.3915141312E-02
    1.4514190317E+01    1.3036361223E+00    4.1118621058E-03    2.8360736715E-03    9.3979064154E-02
    1.4559265442E+01    1.3045596241E+00    4.1121612544E-03    2.8356610531E-03    9.4042977693E-02
    1.4604340568E+01    1.3054830198E+00    4.1124601591E-03    2.8352488611E-03    9.4106881936E-02
    1.4649415693E+01    1.3064063094E+00    4.1127588203E-03    2.8348370946E-03    9.4170776895E-02
    1.4694490818E+01    1.3073294931E+00    4.1130572385E-03    2.8344257528E-03    9.4234662578E-02
    1.4739565943E+01    1.3082525711E+00    4.1133554140E-03    2.8340148349E-03    9.4298538995E-02
    1.4784641068E+01    1.3091755433E+00    4.1136533472E-03    2.8336043402E-03    9.4362406156E-02
    1.4829716194E+01    1.3100984099E+00    4.1139510385E-03    2.8331942677E-03    9.4426264070E-02
    1.4874791319E+01    1.3110211710E+00    4.1142484883E-03    2.8327846169E-03    9.4490112747E-02
    1.4919866444E+01    1.3119438268E+00    4.1145456971E-03    2.8323753868E-03    9.4553952197E-02
    1.4964941569E+01    1.3128663773E+00    4.1148426652E-03    2.8319665766E-03    9.4617782427E-02
    1.5010016694E+01    1.3137888227E+00    4.1151393930E-03    2.8315581856E-03    9.4681603449E-02
    1.5055091820E+01    1.3147111631E+00    4.1154358809E-03    2.8311502131E-03    9.4745415272E-02
    1.5100166945E+01    1.3156333985E+00    4.1157321292E-03    2.8307426581E-03    9.4809217904E-02
    1.5145242070E+01    1.3165555291E+00    4.1160281385E-03    2.8303355200E-03    9.4873011356E-02
    1.5190317195E+01    1.3174775550E+00    4.1163239091E-03    2.8299287980E-03    9.4936795637E-02
    1.5235392321E+01    1.3183994764E+00    4.1166194413E-03    2.8295224912E-03    9.5000570756E-02
    1.5280467446E+01    1.3193212932E+00    4.1169147356E-03    2.8291165990E-03    9.5064336722E-02
    1.5325542571E+01    1.3202430056E+00    4.1172097924E-03    2.8287111205E-03    9.5128093545E-02
    1.5370617696E+01    1.3211646138E+00    4.1175046119E-03    2.8283060549E-03    9.5191841235E-02
    1.5415692821E+01    1.3220861178E+00    4.1177991948E-03    2.8279014016E-03    9.5255579800E-02
    1.5460767947E+01    1.3230075178E+00    4.1180935412E-03    2.8274971597E-03    9.5319309249E-02
    1.5505843072E+01    1.3239288138E+00    4.1183876516E-03    2.8270933286E-03    9.5383029593E-02
    1.5550918197E+01    1.3248500060E+00    4.1186815264E-03    2.8266899073E-03    9.5446740840E-02
    1.5595993322E+01    1.3257710944E+00    4.1189751660E-03    2.8262868952E-03    9.5510442999E-02
    1.5641068447E+01    1.3266920793E+00    4.1192685707E-03    2.8258842915E-03    9.5574136080E-02
    1.5686143573E+01    1.3276129606E+00    4.1195617409E-03    2.8254820955E-03    9.5637820092E-02
    1.5731218698E+01    1.3285337385E+00    4.1198546770E-03    2.8250803064E-03    9.5701495044E-02
    1.5776293823E+01    1.3294544131E+00    4.1201473794E-03    2.8246789234E-03    9.5765160945E-02
    1.5821368948E+01    1.3303749845E+00    4.1204398485E-03    2.8242779459E-03    9.5828817804E-02
    1.5866444073E+01    1.3312954528E+00    4.1207320847E-03    2.8238773730E-03    9.5892465631E-02
    1.5911519199E+01    1.3322158182E+00    4.1210240882E-03    2.8234772040E-03    9.5956104435E-02
    1.5956594324E+01    1.3331360806E+00    4.1213158595E-03    2.8230774382E-03    9.6019734224E-02
    1.6001669449E+01    1.3340562403E+00    4.1216073990E-03    2.8226780749E-03    9.6083355009E-02
    1.6046744574E+01    1.3349762973E+00    4.1218987071E-03    2.8222791132E-03    9.6146966797E-02
    1.6091819699E+01    1.3358962518E+00    4.1221897840E-03    2.8218805525E-03    9.6210569598E-02
    1.6136894825E+01    1.3368161038E+00    4.1224806303E-03    2.8214823921E-03    9.6274163420E-02
    1.6181969950E+01    1.3377358534E+00    4.1227712462E-03    2.8210846311E-03    9.6337748274E-02
    1.6227045075E+01    1.3386555009E+00    4.1230616321E-03    2.8206872689E-03    9.6401324168E-02
    1.6272120200E+01    1.3395750461E+00    4.1233517884E-03    2.8202903047E-03    9.6464891110E-02
    1.6317195326E+01    1.3404944894E+00    4.1236417155E-03    2.8198937379E-03    9.6528449111E-02
    1.6362270451E+01    1.3414138307E+00    4.1239314137E-03    2.8194975676E-03    9.6591998178E-02
    1.6407345576E+01    1.3423330701E+00    4.1242208835E-03    2.8191017932E-03    9.6655538321E-02
    1.6452420701E+01    1.3432522079E+00    4.1245101250E-03    2.8187064140E-03    9.6719069549E-02
    1.6497495826E+01    1.3441712440E+00    4.1247991388E-03    2.8183114291E-03    9.6782591870E-02
    1.6542570952E+01    1.3450901786E+00    4.1250879252E-03    2.8179168380E-03    9.6846105294E-02
    1.6587646077E+01    1.3460090118E+00    4.1253764846E-03    2.8175226399E-03    9.6909609829E-02
    1.6632721202E+01    1.3469277437E+00    4.1256648173E-03    2.8171288340E-03    9.6973105484E-02
    1.6677796327E+01    1.3478463743E+00    4.1259529236E-03    2.8167354198E-03    9.7036592268E-02
    1.6722871452E+01    1.3487649039E+00    4.1262408040E-03    2.8163423964E-03    9.7100070190E-02
    1.6767946578E+01    1.3496833325E+00    4.1265284588E-03    2.8159497631E-03    9.7163539259E-02
    1.6813021703E+01    1.3506016601E+00    4.1268158884E-03    2.8155575193E-03    9.7226999483E-02
    1.6858096828E+01    1.3515198870E+00    4.1271030930E-03    2.8151656643E-03    9.7290450871E-02
    1.6903171953E+01    1.3524380131E+00    4.1273900732E-03    2.8147741972E-03    9.7353893432E-02
    1.6948247078E+01    1.3533560387E+00    4.1276768291E-03    2.8143831176E-03    9.7417327175E-02
    1.6993322204E+01    1.3542739638E+00    4.1279633613E-03    2.8139924245E-03    9.7480752108E-02
    1.7038397329E+01    1.3551917884E+00    4.1282496700E-03    2.8136021175E-03    9.7544168240E-02
    1.7083472454E+01    1.3561095128E+00    4.1285357555E-03    2.8132121956E-03    9.7607575580E-02
    1.7128547579E+01    1.3570271370E+00    4.1288216184E-03    2.8128226584E-03    9.7670974136E-02
    1.7173622705E+01    1.3579446611E+00    4.1291072588E-03    2.8124335050E-03    9.7734363918E-02
    1.7218697830E+01    1.3588620852E+00    4.1293926771E-03    2.8120447348E-03    9.7797744933E-02
    1.7263772955E+01    1.3597794094E+00    4.1296778738E-03    2.8116563471E-03    9.7861117191E-02
    1.7308848080E+01    1.3606966339E+00    4.1299628491E-03    2.8112683412E-03    9.7924480699E-02
    1.7353923205E+01    1.3616137586E+00    4.1302476034E-03    2.8108807164E-03    9.7987835467E-02
    1.7398998331E+01    1.3625307837E+00    4.1305321370E-03    2.8104934721E-03    9.8051181504E-02
    1.7444073456E+01    1.3634477094E+00    4.1308164503E-03    2.8101066075E-03    9.8114518817E-02
    1.7489148581E+01    1.3643645357E+00    4.1311005437E-03    2.8097201220E-03    9.8177847415E-02
    1.7534223706E+01    1.3652812626E+00    4.1313844175E-03    2.8093340150E-03    9.8241167307E-02
    1.7579298831E+01    1.3661978904E+00    4.1316680719E-03    2.8089482856E-03    9.8304478502E-02
    1.7624373957E+01    1.3671144191E+00    4.1319515075E-03    2.8085629334E-03    9.8367781007E-02
    1.7669449082E+01    1.3680308488E+00    4.1322347244E-03    2.8081779575E-03    9.8431074832E-02
    1.7714524207E+01    1.3689471796E+00    4.1325177231E-03    2.8077933573E-03    9.8494359984E-02
    1.7759599332E+01    1.3698634116E+00    4.1328005039E-03    2.8074091322E-03    9.8557636473E-02
    1.7804674457E+01    1.3707795449E+00    4.1330830671E-03    2.8070252815E-03    9.8620904307E-02
    1.7849749583E+01    1.3716955796E+00    4.1333654131E-03    2.8066418045E-03    9.8684163494E-02
    1.7894824708E+01    1.3726115158E+00    4.1336475422E-03    2.8062587005E-03    9.8747414042E-02
    1.7939899833E+01    1.3735273536E+00    4.1339294548E-03    2.8058759690E-03    9.8810655960E-02
    1.7984974958E+01    1.3744430931E+00    4.1342111511E-03    2.8054936092E-03    9.8873889257E-02
    1.8030050083E+01    1.3753587343E+00    4.1344926316E-03    2.8051116204E-03    9.8937113940E-02
    1.8075125209E+01    1.3762742775E+00    4.1347738966E-03    2.8047300021E-03    9.9000330018E-02
    1.8120200334E+01    1.3771897226E+00    4.1350549463E-03    2.8043487536E-03    9.9063537500E-02
    1.8165275459E+01    1.3781050698E+00    4.1353357811E-03    2.8039678742E-03    9.9126736394E-02
    1.8210350584E+01    1.3790203192E+00    4.1356164015E-03    2.8035873632E-03    9.9189926707E-02
    1.8255425710E+01    1.3799354709E+00    4.1358968076E-03    2.8032072201E-03    9.9253108449E-02
    1.8300500835E+01    1.3808505249E+00    4.1361769998E-03    2.8028274442E-03    9.9316281628E-02
    1.8345575960E+01    1.3817654814E+00    4.1364569785E-03    2.8024480347E-03    9.9379446251E-02
    1.8390651085E+01    1.3826803405E+00    4.1367367440E-03    2.8020689912E-03    9.9442602328E-02
    1.8435726210E+01    1.3835951022E+00    4.1370162966E-03    2.8016903129E-03    9.9505749866E-02
    1.8480801336E+01    1.3845097666E+00    4.1372956366E-03    2.8013119991E-03    9.9568888874E-02
    1.8525876461E+01    1.3854243339E+00    4.1375747644E-03    2.8009340494E-03    9.9632019359E-02
    1.8570951586E+01    1.3863388042E+00    4.1378536803E-03    2.8005564629E-03    9.9695141331E-02
    1.8616026711E+01    1.3872531775E+00    4.1381323846E-03    2.8001792392E-03    9.9758254797E-02
    1.8661101836E+01    1.3881674539E+00    4.1384108777E-03    2.7998023774E-03    9.9821359765E-02
    1.8706176962E+01    1.3890816336E+00    4.1386891599E-03    2.7994258771E-03    9.9884456243E-02
    1.8751252087E+01    1.3899957165E+00    4.1389672314E-03    2.7990497376E-03    9.9947544241E-02
    1.8796327212E+01    1.3909097029E+00    4.1392450927E-03    2.7986739583E-03    1.0001062376E-01
    1.8841402337E+01    1.3918235928E+00    4.1395227441E-03    2.7982985384E-03    1.0007369482E-01
    1.8886477462E+01    1.3927373863E+00    4.1398001857E-03    2.7979234775E-03    1.0013675743E-01
    1.8931552588E+01    1.3936510835E+00    4.1400774181E-03    2.7975487748E-03    1.0019981158E-01
    1.8976627713E+01    1.3945646845E+00    4.1403544415E-03    2.7971744298E-03    1.0026285729E-01
    1.9021702838E+01    1.3954781894E+00    4.1406312562E-03    2.7968004418E-03    1.0032589457E-01
    1.9066777963E+01    1.3963915982E+00    4.1409078626E-03    2.7964268103E-03    1.0038892343E-01
    1.9111853088E+01    1.3973049112E+00    4.1411842609E-03    2.7960535345E-03    1.0045194386E-01
    1.9156928214E+01    1.3982181283E+00    4.1414604515E-03    2.7956806139E-03    1.0051495589E-01
    1.9202003339E+01    1.3991312496E+00    4.1417364347E-03    2.7953080478E-03    1.0057795952E-01
    1.9247078464E+01    1.4000442753E+00    4.1420122108E-03    2.7949358357E-03    1.0064095476E-01
    1.9292153589E+01    1.4009572055E+00    4.1422877802E-03    2.7945639770E-03    1.0070394161E-01
    1.9337228715E+01    1.4018700401E+00    4.1425631431E-03    2.7941924709E-03    1.0076692008E-01
    1.9382303840E+01    1.4027827794E+00    4.1428382998E-03    2.7938213170E-03    1.0082989019E-01
    1.9427378965E+01    1.4036954235E+00    4.1431132508E-03    2.7934505145E-03    1.0089285193E-01
    1.9472454090E+01    1.4046079723E+00    4.1433879962E-03    2.7930800630E-03    1.0095580532E-01
    1.9517529215E+01    1.4055204260E+00    4.1436625364E-03    2.7927099617E-03    1.0101875037E-01
    1.9562604341E+01    1.4064327848E+00    4.1439368717E-03    2.7923402102E-03    1.0108168708E-01
    1.9607679466E+01    1.4073450486E+00    4.1442110024E-03    2.7919708077E-03    1.0114461546E-01
    1.9652754591E+01    1.4082572176E+00    4.1444849288E-03    2.7916017537E-03    1.0120753552E-01
    1.9697829716E+01    1.4091692919E+00    4.1447586513E-03    2.7912330476E-03    1.0127044726E-01
    1.9742904841E+01    1.4100812715E+00    4.1450321701E-03    2.7908646888E-03    1.0133335070E-01
    1.9787979967E+01    1.4109931566E+00    4.1453054856E-03    2.7904966767E-03    1.0139624584E-01
    1.9833055092E+01    1.4119049472E+00    4.1455785980E-03    2.7901290106E-03    1.0145913269E-01
    1.9878130217E+01    1.4128166435E+00    4.1458515077E-03    2.7897616901E-03    1.0152201126E-01
    1.9923205342E+01    1.4137282454E+00    4.1461242149E-03    2.7893947145E-03    1.0158488155E-01
    1.9968280467E+01    1.4146397532E+00    4.1463967200E-03    2.7890280833E-03    1.0164774358E-01
    2.0013355593E+01    1.4155511669E+00    4.1466690233E-03    2.7886617957E-03    1.0171059734E-01
    2.0058430718E+01    1.4164624866E+00    4.1469411251E-03    2.7882958513E-03    1.0177344286E-01
    2.0103505843E+01    1.4173737124E+00    4.1472130256E-03    2.7879302495E-03    1.0183628013E-01
    2.0148580968E+01    1.4182848443E+00    4.1474847252E-03    2.7875649897E-03    1.0189910917E-01
    2.0193656093E+01    1.4191958825E+00    4.1477562242E-03    2.7872000713E-03    1.0196192998E-01
    2.0238731219E+01    1.4201068270E+00    4.1480275229E-03    2.7868354936E-03    1.0202474257E-01
    2.0283806344E+01    1.4210176780E+00    4.1482986216E-03    2.7864712562E-03    1.0208754694E-01
    2.0328881469E+01    1.4219284355E+00    4.1485695206E-03    2.7861073585E-03    1.0215034311E-01
    2.0373956594E+01    1.4228390996E+00    4.1488402201E-03    2.7857437999E-03    1.0221313108E-01
    2.0419031720E+01    1.4237496705E+00    4.1491107205E-03    2.7853805797E-03    1.0227591086E-01
    2.0464106845E+01    1.4246601481E+00    4.1493810221E-03    2.7850176975E-03    1.0233868246E-01
    2.0509181970E+01    1.4255705326E+00    4.1496511252E-03    2.7846551527E-03    1.0240144589E-01
    2.0554257095E+01    1.4264808241E+00    4.1499210300E-03    2.7842929446E-03    1.0246420115E-01
    2.0599332220E+01    1.4273910226E+00    4.1501907369E-03    2.7839310728E-03    1.0252694825E-01
    2.0644407346E+01    1.4283011283E+00    4.1504602461E-03    2.7835695366E-03    1.0258968719E-01
    2.0689482471E+01    1.4292111412E+00    4.1507295580E-03    2.7832083355E-03    1.0265241800E-01
    2.0734557596E+01    1.4301210614E+00    4.1509986729E-03    2.7828474689E-03    1.0271514066E-01
    2.0779632721E+01    1.4310308890E+00    4.1512675909E-03    2.7824869362E-03    1.0277785520E-01
    2.0824707846E+01    1.4319406242E+00    4.1515363125E-03    2.7821267370E-03    1.0284056161E-01
    2.0869782972E+01    1.4328502669E+00    4.1518048379E-03    2.7817668706E-03    1.0290325991E-01
    2.0914858097E+01    1.4337598173E+00    4.1520731675E-03    2.7814073364E-03    1.0296595011E-01
    2.0959933222E+01    1.4346692754E+00    4.1523413014E-03    2.7810481340E-03    1.0302863220E-01
    2.1005008347E+01    1.4355786414E+00    4.1526092400E-03    2.7806892627E-03    1.0309130620E-01
    2.1050083472E+01    1.4364879153E+00    4.1528769836E-03    2.7803307220E-03    1.0315397212E-01
    2.1095158598E+01    1.4373970972E+00    4.1531445324E-03    2.7799725113E-03    1.0321662996E-01
    2.1140233723E+01    1.4383061873E+00    4.1534118868E-03    2.7796146301E-03    1.0327927973E-01
    2.1185308848E+01    1.4392151855E+00    4.1536790471E-03    2.7792570779E-03    1.0334192144E-01
    2.1230383973E+01    1.4401240920E+00    4.1539460134E-03    2.7788998540E-03    1.0340455510E-01
    2.1275459098E+01    1.4410329068E+00    4.1542127862E-03    2.7785429580E-03    1.0346718071E-01
    2.1320534224E+01    1.4419416301E+00    4.1544793657E-03    2.7781863893E-03    1.0352979827E-01
    2.1365609349E+01    1.4428502620E+00    4.1547457521E-03    2.7778301473E-03    1.0359240781E-01
    2.1410684474E+01    1.4437588024E+00    4.1550119458E-03    2.7774742315E-03    1.0365500932E-01
    2.1455759599E+01    1.4446672515E+00    4.1552779470E-03    2.7771186414E-03    1.0371760281E-01
    2.1500834725E+01    1.4455756095E+00    4.1555437561E-03    2.7767633763E-03    1.0378018829E-01
    2.1545909850E+01    1.4464838763E+00    4.1558093733E-03    2.7764084358E-03    1.0384276577E-01
    2.1590984975E+01    1.4473920520E+00    4.1560747988E-03    2.7760538194E-03    1.0390533525E-01
    2.1636060100E+01    1.4483001368E+00    4.1563400331E-03    2.7756995264E-03    1.0396789675E-01
    2.1681135225E+01    1.4492081307E+00    4.1566050762E-03    2.7753455564E-03    1.0403045026E-01
    2.1726210351E+01    1.4501160338E+00    4.1568699286E-03    2.7749919088E-03    1.0409299580E-01
    2.1771285476E+01    1.4510238463E+00    4.1571345905E-03    2.7746385831E-03    1.0415553337E-01
    2.1816360601E+01    1.4519315681E+00    4.1573990622E-03    2.7742855788E-03    1.0421806299E-01
    2.1861435726E+01    1.4528391993E+00    4.1576633440E-03    2.7739328952E-03    1.0428058465E-01
    2.1906510851E+01    1.4537467401E+00    4.1579274361E-03    2.7735805319E-03    1.0434309836E-01
    2.1951585977E+01    1.4546541905E+00    4.1581913388E-03    2.7732284884E-03    1.0440560414E-01
    2.1996661102E+01    1.4555615507E+00    4.1584550524E-03    2.7728767641E-03    1.0446810199E-01
    2.2041736227E+01    1.4564688206E+00    4.1587185771E-03    2.7725253585E-03    1.0453059191E-01
    2.2086811352E+01    1.4573760004E+00    4.1589819133E-03    2.7721742711E-03    1.0459307392E-01
    2.2131886477E+01    1.4582830902E+00    4.1592450612E-03    2.7718235013E-03    1.0465554802E-01
    2.2176961603E+01    1.4591900900E+00    4.1595080211E-03    2.7714730486E-03    1.0471801421E-01
    2.2222036728E+01    1.4600970000E+00    4.1597707932E-03    2.7711229126E-03    1.0478047252E-01
    2.2267111853E+01    1.4610038201E+00    4.1600333779E-03    2.7707730926E-03    1.0484292293E-01
    2.2312186978E+01    1.4619105506E+00    4.1602957753E-03    2.7704235882E-03    1.0490536546E-01
    2.2357262104E+01    1.4628171914E+00    4.1605579858E-03    2.7700743988E-03    1.0496780012E-01
    2.2402337229E+01    1.4637237426E+00    4.1608200097E-03    2.7697255239E-03    1.0503022692E-01
    2.2447412354E+01    1.4646302045E+00    4.1610818472E-03    2.7693769631E-03    1.0509264585E-01
    2.2492487479E+01    1.4655365769E+00    4.1613434985E-03    2.7690287157E-03    1.0515505693E-01
    2.2537562604E+01    1.4664428600E+00    4.1616049640E-03    2.7686807813E-03    1.0521746017E-01
    2.2582637730E+01    1.4673490539E+00    4.1618662439E-03    2.7683331594E-03    1.0527985557E-01
    2.2627712855E+01    1.4682551587E+00    4.1621273385E-03    2.7679858494E-03    1.0534224314E-01
    2.2672787980E+01    1.4691611744E+00    4.1623882481E-03    2.7676388509E-03    1.0540462288E-01
    2.2717863105E+01    1.4700671012E+00    4.1626489728E-03    2.7672921634E-03    1.0546699481E-01
    2.2762938230E+01    1.4709729391E+00    4.1629095130E-03    2.7669457862E-03    1.0552935893E-01
    2.2808013356E+01    1.4718786881E+00    4.1631698690E-03    2.7665997190E-03    1.0559171524E-01
    2.2853088481E+01    1.4727843484E+00    4.1634300410E-03    2.7662539612E-03    1.0565406376E-01
    2.2898163606E+01    1.4736899201E+00    4.1636900292E-03    2.7659085123E-03    1.0571640449E-01
    2.2943238731E+01    1.4745954032E+00    4.1639498340E-03    2.7655633718E-03    1.0577873743E-01
    2.2988313856E+01    1.4755007978E+00    4.1642094556E-03    2.7652185392E-03    1.0584106261E-01
    2.3033388982E+01    1.4764061041E+00    4.1644688942E-03    2.7648740140E-03    1.0590338001E-01
    2.3078464107E+01    1.4773113219E+00    4.1647281502E-03    2.7645297958E-03    1.0596568965E-01
    2.3123539232E+01    1.4782164516E+00    4.1649872237E-03    2.7641858839E-03    1.0602799154E-01
    2.3168614357E+01    1.4791214930E+00    4.1652461151E-03    2.7638422780E-03    1.0609028568E-01
    2.3213689482E+01    1.4800264464E+00    4.1655048246E-03    2.7634989775E-03    1.0615257208E-01
    2.3258764608E+01    1.4809313118E+00    4.1657633524E-03    2.7631559819E-03    1.0621485075E-01
    2.3303839733E+01    1.4818360892E+00    4.1660216988E-03    2.7628132907E-03    1.0627712169E-01
    2.3348914858E+01    1.4827407788E+00    4.1662798642E-03    2.7624709035E-03    1.0633938490E-01
    2.3393989983E+01    1.4836453806E+00    4.1665378486E-03    2.7621288198E-03    1.0640164041E-01
    2.3439065109E+01    1.4845498948E+00    4.1667956525E-03    2.7617870389E-03    1.0646388821E-01
    2.3484140234E+01    1.4854543213E+00    4.1670532759E-03    2.7614455606E-03    1.0652612831E-01
    2.3529215359E+01    1.4863586603E+00    4.1673107193E-03    2.7611043842E-03    1.0658836072E-01
    2.3574290484E+01    1.4872629118E+00    4.1675679829E-03    2.7607635094E-03    1.0665058544E-01
    2.3619365609E+01    1.4881670760E+00    4.1678250668E-03    2.7604229355E-03    1.0671280248E-01
    2.3664440735E+01    1.4890711528E+00    4.1680819715E-03    2.7600826622E-03    1.0677501185E-01
    2.3709515860E+01    1.4899751425E+00    4.1683386970E-03    2.7597426889E-03    1.0683721356E-01
    2.3754590985E+01    1.4908790450E+00    4.1685952437E-03    2.7594030152E-03    1.0689940760E-01
    2.3799666110E+01    1.4917828604E+00    4.1688516119E-03    2.7590636405E-03    1.0696159400E-01
    2.3844741235E+01    1.4926865889E+00    4.1691078017E-03    2.7587245645E-03    1.0702377275E-01
    2.3889816361E+01    1.4935902304E+00    4.1693638134E-03    2.7583857866E-03    1.0708594386E-01
    2.3934891486E+01    1.4944937851E+00    4.1696196474E-03    2.7580473063E-03    1.0714810733E-01
    2.3979966611E+01    1.4953972531E+00    4.1698753037E-03    2.7577091232E-03    1.0721026319E-01
    2.4025041736E+01    1.4963006344E+00    4.1701307827E-03    2.7573712368E-03    1.0727241142E-01
    2.4070116861E+01    1.4972039291E+00    4.1703860847E-03    2.7570336466E-03    1.0733455204E-01
    2.4115191987E+01    1.4981071372E+00    4.1706412098E-03    2.7566963521E-03    1.0739668506E-01
    2.4160267112E+01    1.4990102590E+00    4.1708961584E-03    2.7563593529E-03    1.0745881048E-01
    2.4205342237E+01    1.4999132943E+00    4.1711509306E-03    2.7560226485E-03    1.0752092831E-01
    2.4250417362E+01    1.5008162434E+00    4.1714055268E-03    2.7556862385E-03    1.0758303855E-01
    2.4295492487E+01    1.5017191063E+00    4.1716599471E-03    2.7553501223E-03    1.0764514121E-01
    2.4340567613E+01    1.5026218830E+00    4.1719141919E-03    2.7550142995E-03    1.0770723631E-01
    2.4385642738E+01    1.5035245736E+00    4.1721682613E-03    2.7546787697E-03    1.0776932383E-01
    2.4430717863E+01    1.5044271783E+00    4.1724221556E-03    2.7543435323E-03    1.0783140380E-01
    2.4475792988E+01    1.5053296971E+00    4.1726758750E-03    2.7540085869E-03    1.0789347621E-01
    2.4520868114E+01    1.5062321301E+00    4.1729294199E-03    2.7536739330E-03    1.0795554108E-01
    2.4565943239E+01    1.5071344772E+00    4.1731827903E-03    2.7533395703E-03    1.0801759841E-01
    2.4611018364E+01    1.5080367388E+00    4.1734359867E-03    2.7530054981E-03    1.0807964821E-01
    2.4656093489E+01    1.5089389147E+00    4.1736890092E-03    2.7526717161E-03    1.0814169049E-01
    2.4701168614E+01    1.5098410050E+00    4.1739418580E-03    2.7523382238E-03    1.0820372524E-01
    2.4746243740E+01    1.5107430100E+00    4.1741945335E-03    2.7520050207E-03    1.0826575248E-01
    2.4791318865E+01    1.5116449295E+00    4.1744470357E-03    2.7516721064E-03    1.0832777221E-01
    2.4836393990E+01    1.5125467638E+00    4.1746993651E-03    2.7513394804E-03    1.0838978445E-01
    2.4881469115E+01    1.5134485128E+00    4.1749515218E-03    2.7510071423E-03    1.0845178919E-01
    2.4926544240E+01    1.5143501766E+00    4.1752035061E-03    2.7506750916E-03    1.0851378644E-01
    2.4971619366E+01    1.5152517554E+00    4.1754553182E-03    2.7503433278E-03    1.0857577621E-01
    2.5016694491E+01    1.5161532492E+00    4.1757069583E-03    2.7500118506E-03    1.0863775851E-01
    2.5061769616E+01    1.5170546581E+00    4.1759584267E-03    2.7496806595E-03    1.0869973335E-01
    2.5106844741E+01    1.5179559821E+00    4.1762097236E-03    2.7493497539E-03    1.0876170072E-01
    2.5151919866E+01    1.5188572213E+00    4.1764608493E-03    2.7490191335E-03    1.0882366063E-01
    2.5196994992E+01    1.5197583759E+00    4.1767118040E-03    2.7486887978E-03    1.0888561310E-01
    2.5242070117E+01    1.5206594458E+00    4.1769625879E-03    2.7483587464E-03    1.0894755813E-01
    2.5287145242E+01    1.5215604311E+00    4.1772132013E-03    2.7480289788E-03    1.0900949572E-01
    2.5332220367E+01    1.5224613319E+00    4.1774636443E-03    2.7476994946E-03    1.0907142588E-01
    2.5377295492E+01    1.5233621484E+00    4.1777139173E-03    2.7473702933E-03    1.0913334862E-01
    2.5422370618E+01    1.5242628805E+00    4.1779640205E-03    2.7470413745E-03    1.0919526395E-01
    2.5467445743E+01    1.5251635284E+00    4.1782139541E-03    2.7467127378E-03    1.0925717186E-01
    2.5512520868E+01    1.5260640920E+00    4.1784637183E-03    2.7463843826E-03    1.0931907237E-01
    2.5557595993E+01    1.5269645716E+00    4.1787133133E-03    2.7460563087E-03    1.0938096548E-01
    2.5602671119E+01    1.5278649671E+00    4.1789627395E-03    2.7457285154E-03    1.0944285120E-01
    2.5647746244E+01    1.5287652786E+00    4.1792119970E-03    2.7454010025E-03    1.0950472954E-01
    2.5692821369E+01    1.5296655062E+00    4.1794610861E-03    2.7450737694E-03    1.0956660050E-01
    2.5737896494E+01    1.5305656501E+00    4.1797100069E-03    2.7447468157E-03    1.0962846409E-01
    2.5782971619E+01    1.5314657101E+00    4.1799587598E-03    2.7444201410E-03    1.0969032031E-01
    2.5828046745E+01    1.5323656865E+00    4.1802073449E-03    2.7440937449E-03    1.0975216917E-01
    2.5873121870E+01    1.5332655793E+00    4.1804557626E-03    2.7437676269E-03    1.0981401068E-01
    2.5918196995E+01    1.5341653886E+00    4.1807040129E-03    2.7434417865E-03    1.0987584485E-01
    2.5963272120E+01    1.5350651144E+00    4.1809520961E-03    2.7431162235E-03    1.0993767167E-01
    2.6008347245E+01    1.5359647568E+00    4.1812000126E-03    2.7427909372E-03    1.0999949116E-01
    2.6053422371E+01    1.5368643159E+00    4.1814477624E-03    2.7424659274E-03    1.1006130332E-01
    2.6098497496E+01    1.5377637917E+00    4.1816953458E-03    2.7421411935E-03    1.1012310815E-01
    2.6143572621E+01    1.5386631844E+00    4.1819427631E-03    2.7418167352E-03    1.1018490568E-01
    2.6188647746E+01    1.5395624939E+00    4.1821900145E-03    2.7414925520E-03    1.1024669589E-01
    2.6233722871E+01    1.5404617205E+00    4.1824371002E-03    2.7411686434E-03    1.1030847880E-01
    2.6278797997E+01    1.5413608641E+00    4.1826840204E-03    2.7408450092E-03    1.1037025441E-01
    2.6323873122E+01    1.5422599248E+00    4.1829307753E-03    2.7405216488E-03    1.1043202274E-01
    2.6368948247E+01    1.5431589026E+00    4.1831773652E-03    2.7401985618E-03    1.1049378377E-01
    2.6414023372E+01    1.5440577978E+00    4.1834237903E-03    2.7398757478E-03    1.1055553753E-01
    2.6459098497E+01    1.5449566103E+00    4.1836700509E-03    2.7395532064E-03    1.1061728402E-01
    2.6504173623E+01    1.5458553401E+00    4.1839161470E-03    2.7392309372E-03    1.1067902324E-01
    2.6549248748E+01    1.5467539875E+00    4.1841620791E-03    2.7389089397E-03    1.1074075520E-01
    2.6594323873E+01    1.5476525523E+00    4.1844078472E-03    2.7385872135E-03    1.1080247991E-01
    2.6639398998E+01    1.5485510348E+00    4.1846534516E-03    2.7382657583E-03    1.1086419736E-01
    2.6684474124E+01    1.5494494350E+00    4.1848988926E-03    2.7379445735E-03    1.1092590758E-01
    2.6729549249E+01    1.5503477529E+00    4.1851441703E-03    2.7376236588E-03    1.1098761056E-01
    2.6774624374E+01    1.5512459886E+00    4.1853892850E-03    2.7373030138E-03    1.1104930631E-01
    2.6819699499E+01    1.5521441422E+00    4.1856342369E-03    2.7369826380E-03    1.1111099484E-01
    2.6864774624E+01    1.5530422138E+00    4.1858790261E-03    2.7366625311E-03    1.1117267615E-01
    2.6909849750E+01    1.5539402035E+00    4.1861236530E-03    2.7363426926E-03    1.1123435025E-01
    2.6954924875E+01    1.5548381112E+00    4.1863681178E-03    2.7360231222E-03    1.1129601714E-01
    2.7000000000E+01    1.5557359371E+00    4.1866124206E-03    2.7357038193E-03    1.1135767684E-01
    2.7045075125E+01    1.5566336812E+00    4.1868565617E-03    2.7353847837E-03    1.1141932934E-01
    2.7090150250E+01    1.5575313436E+00    4.1871005413E-03    2.7350660148E-03    1.1148097465E-01
    2.7135225376E+01    1.5584289245E+00    4.1873443596E-03    2.7347475124E-03    1.1154261278E-01
    2.7180300501E+01    1.5593264237E+00    4.1875880168E-03    2.7344292759E-03    1.1160424374E-01
