  -0.1352253756260434     
  -9.0150250417362271E-002
  -4.5075125208681135E-002
    0.000000000000000     
   4.5075125208681135E-002
   9.0150250417362271E-002
   0.1352253756260434     
   0.1803005008347245     
   0.2253756260434057     
   0.2704507512520868     
   0.3155258764607680     
   0.3606010016694491     
   0.4056761268781302     
   0.4507512520868113     
   0.4958263772954925     
   0.5409015025041737     
   0.5859766277128547     
   0.6310517529215359     
   0.6761268781302170     
   0.7212020033388982     
   0.7662771285475793     
   0.8113522537562604     
   0.8564273789649416     
   0.9015025041736227     
   0.9465776293823038     
   0.9916527545909850     
    1.036727879799666     
    1.081803005008347     
    1.126878130217028     
    1.171953255425709     
    1.217028380634391     
    1.262103505843072     
    1.307178631051753     
    1.352253756260434     
    1.397328881469115     
    1.442404006677796     
    1.487479131886478     
    1.532554257095159     
    1.577629382303840     
    1.622704507512521     
    1.667779632721202     
    1.712854757929883     
    1.757929883138564     
    1.803005008347245     
    1.848080133555926     
    1.893155258764608     
    1.938230383973289     
    1.983305509181970     
    2.028380634390651     
    2.073455759599332     
    2.118530884808013     
    2.163606010016695     
    2.208681135225376     
    2.253756260434057     
    2.298831385642738     
    2.343906510851419     
    2.388981636060100     
    2.434056761268781     
    2.479131886477462     
    2.524207011686144     
    2.569282136894825     
    2.614357262103506     
    2.659432387312187     
    2.704507512520868     
    2.749582637729549     
    2.794657762938230     
    2.839732888146912     
    2.884808013355593     
    2.929883138564274     
    2.974958263772955     
    3.020033388981636     
    3.065108514190317     
    3.110183639398998     
    3.155258764607679     
    3.200333889816361     
    3.245409015025042     
    3.290484140233723     
    3.335559265442404     
    3.380634390651085     
    3.425709515859766     
    3.470784641068447     
    3.515859766277129     
    3.560934891485810     
    3.606010016694491     
    3.651085141903172     
    3.696160267111853     
    3.741235392320534     
    3.786310517529215     
    3.831385642737897     
    3.876460767946578     
    3.921535893155259     
    3.966611018363940     
    4.011686143572621     
    4.056761268781302     
    4.101836393989983     
    4.146911519198665     
    4.191986644407345     
    4.237061769616027     
    4.282136894824708     
    4.327212020033389     
    4.372287145242070     
    4.417362270450751     
    4.462437395659433     
    4.507512520868113     
    4.552587646076795     
    4.597662771285476     
    4.642737896494157     
    4.687813021702838     
    4.732888146911519     
    4.777963272120201     
    4.823038397328881     
    4.868113522537563     
    4.913188647746244     
    4.958263772954925     
    5.003338898163606     
    5.048414023372287     
    5.093489148580968     
    5.138564273789649     
    5.183639398998331     
    5.228714524207012     
    5.273789649415693     
    5.318864774624374     
    5.363939899833055     
    5.409015025041736     
    5.454090150250417     
    5.499165275459099     
    5.544240400667779     
    5.589315525876461     
    5.634390651085142     
    5.679465776293823     
    5.724540901502504     
    5.769616026711185     
    5.814691151919867     
    5.859766277128547     
    5.904841402337229     
    5.949916527545910     
    5.994991652754591     
    6.040066777963272     
    6.085141903171953     
    6.130217028380635     
    6.175292153589315     
    6.220367278797997     
    6.265442404006678     
    6.310517529215359     
    6.355592654424040     
    6.400667779632721     
    6.445742904841403     
    6.490818030050083     
    6.535893155258765     
    6.580968280467446     
    6.626043405676127     
    6.671118530884808     
    6.716193656093489     
    6.761268781302170     
    6.806343906510851     
    6.851419031719533     
    6.896494156928214     
    6.941569282136895     
    6.986644407345576     
    7.031719532554257     
    7.076794657762938     
    7.121869782971619     
    7.166944908180301     
    7.212020033388981     
    7.257095158597663     
    7.302170283806344     
    7.347245409015025     
    7.392320534223706     
    7.437395659432387     
    7.482470784641069     
    7.527545909849749     
    7.572621035058431     
    7.617696160267112     
    7.662771285475793     
    7.707846410684474     
    7.752921535893155     
    7.797996661101837     
    7.843071786310517     
    7.888146911519199     
    7.933222036727880     
    7.978297161936561     
    8.023372287145243     
    8.068447412353922     
    8.113522537562604     
    8.158597662771285     
    8.203672787979967     
    8.248747913188648     
    8.293823038397329     
    8.338898163606011     
    8.383973288814691     
    8.429048414023372     
    8.474123539232053     
    8.519198664440735     
    8.564273789649416     
    8.609348914858098     
    8.654424040066779     
    8.699499165275459     
    8.744574290484140     
    8.789649415692821     
    8.834724540901503     
    8.879799666110184     
    8.924874791318866     
    8.969949916527545     
    9.015025041736227     
    9.060100166944908     
    9.105175292153589     
    9.150250417362271     
    9.195325542570952     
    9.240400667779634     
    9.285475792988313     
    9.330550918196995     
    9.375626043405676     
    9.420701168614357     
    9.465776293823039     
    9.510851419031720     
    9.555926544240402     
    9.601001669449081     
    9.646076794657763     
    9.691151919866444     
    9.736227045075125     
    9.781302170283807     
    9.826377295492488     
    9.871452420701168     
    9.916527545909849     
    9.961602671118531     
    10.00667779632721     
    10.05175292153589     
    10.09682804674457     
    10.14190317195326     
    10.18697829716194     
    10.23205342237062     
    10.27712854757930     
    10.32220367278798     
    10.36727879799666     
    10.41235392320534     
    10.45742904841402     
    10.50250417362270     
    10.54757929883139     
    10.59265442404007     
    10.63772954924875     
    10.68280467445743     
    10.72787979966611     
    10.77295492487479     
    10.81803005008347     
    10.86310517529215     
    10.90818030050083     
    10.95325542570952     
    10.99833055091820     
    11.04340567612688     
    11.08848080133556     
    11.13355592654424     
    11.17863105175292     
    11.22370617696160     
    11.26878130217028     
    11.31385642737897     
    11.35893155258765     
    11.40400667779633     
    11.44908180300501     
    11.49415692821369     
    11.53923205342237     
    11.58430717863105     
    11.62938230383973     
    11.67445742904841     
    11.71953255425709     
    11.76460767946578     
    11.80968280467446     
    11.85475792988314     
    11.89983305509182     
    11.94490818030050     
    11.98998330550918     
    12.03505843071786     
    12.08013355592654     
    12.12520868113523     
    12.17028380634391     
    12.21535893155259     
    12.26043405676127     
    12.30550918196995     
    12.35058430717863     
    12.39565943238731     
    12.44073455759599     
    12.48580968280467     
    12.53088480801336     
    12.57595993322204     
    12.62103505843072     
    12.66611018363940     
    12.71118530884808     
    12.75626043405676     
    12.80133555926544     
    12.84641068447412     
    12.89148580968281     
    12.93656093489149     
    12.98163606010017     
    13.02671118530885     
    13.07178631051753     
    13.11686143572621     
    13.16193656093489     
    13.20701168614357     
    13.25208681135225     
    13.29716193656093     
    13.34223706176962     
    13.38731218697830     
    13.43238731218698     
    13.47746243739566     
    13.52253756260434     
    13.56761268781302     
    13.61268781302170     
    13.65776293823038     
    13.70283806343907     
    13.74791318864775     
    13.79298831385643     
    13.83806343906511     
    13.88313856427379     
    13.92821368948247     
    13.97328881469115     
    14.01836393989983     
    14.06343906510851     
    14.10851419031720     
    14.15358931552588     
    14.19866444073456     
    14.24373956594324     
    14.28881469115192     
    14.33388981636060     
    14.37896494156928     
    14.42404006677796     
    14.46911519198664     
    14.51419031719533     
    14.55926544240401     
    14.60434056761269     
    14.64941569282137     
    14.69449081803005     
    14.73956594323873     
    14.78464106844741     
    14.82971619365609     
    14.87479131886477     
    14.91986644407346     
    14.96494156928214     
    15.01001669449082     
    15.05509181969950     
    15.10016694490818     
    15.14524207011686     
    15.19031719532554     
    15.23539232053422     
    15.28046744574291     
    15.32554257095159     
    15.37061769616027     
    15.41569282136895     
    15.46076794657763     
    15.50584307178631     
    15.55091819699499     
    15.59599332220367     
    15.64106844741235     
    15.68614357262103     
    15.73121869782972     
    15.77629382303840     
    15.82136894824708     
    15.86644407345576     
    15.91151919866444     
    15.95659432387312     
    16.00166944908180     
    16.04674457429049     
    16.09181969949917     
    16.13689482470784     
    16.18196994991653     
    16.22704507512521     
    16.27212020033389     
    16.31719532554257     
    16.36227045075125     
    16.40734557595993     
    16.45242070116861     
    16.49749582637730     
    16.54257095158598     
    16.58764607679466     
    16.63272120200334     
    16.67779632721202     
    16.72287145242070     
    16.76794657762938     
    16.81302170283806     
    16.85809682804674     
    16.90317195325543     
    16.94824707846411     
    16.99332220367279     
    17.03839732888147     
    17.08347245409015     
    17.12854757929883     
    17.17362270450751     
    17.21869782971620     
    17.26377295492487     
    17.30884808013356     
    17.35392320534224     
    17.39899833055092     
    17.44407345575960     
    17.48914858096828     
    17.53422370617696     
    17.57929883138564     
    17.62437395659432     
    17.66944908180301     
    17.71452420701169     
    17.75959933222037     
    17.80467445742905     
    17.84974958263773     
    17.89482470784641     
    17.93989983305509     
    17.98497495826377     
    18.03005008347245     
    18.07512520868114     
    18.12020033388982     
    18.16527545909850     
    18.21035058430718     
    18.25542570951586     
    18.30050083472454     
    18.34557595993322     
    18.39065108514190     
    18.43572621035058     
    18.48080133555927     
    18.52587646076795     
    18.57095158597663     
    18.61602671118531     
    18.66110183639399     
    18.70617696160267     
    18.75125208681135     
    18.79632721202004     
    18.84140233722871     
    18.88647746243739     
    18.93155258764608     
    18.97662771285476     
    19.02170283806344     
    19.06677796327212     
    19.11185308848080     
    19.15692821368948     
    19.20200333889816     
    19.24707846410685     
    19.29215358931553     
    19.33722871452421     
    19.38230383973289     
    19.42737896494157     
    19.47245409015025     
    19.51752921535893     
    19.56260434056761     
    19.60767946577629     
    19.65275459098498     
    19.69782971619366     
    19.74290484140234     
    19.78797996661102     
    19.83305509181970     
    19.87813021702838     
    19.92320534223706     
    19.96828046744574     
    20.01335559265442     
    20.05843071786310     
    20.10350584307179     
    20.14858096828047     
    20.19365609348915     
    20.23873121869783     
    20.28380634390651     
    20.32888146911519     
    20.37395659432387     
    20.41903171953255     
    20.46410684474123     
    20.50918196994992     
    20.55425709515860     
    20.59933222036728     
    20.64440734557596     
    20.68948247078464     
    20.73455759599332     
    20.77963272120200     
    20.82470784641069     
    20.86978297161937     
    20.91485809682805     
    20.95993322203673     
    21.00500834724541     
    21.05008347245409     
    21.09515859766277     
    21.14023372287145     
    21.18530884808013     
    21.23038397328882     
    21.27545909849750     
    21.32053422370618     
    21.36560934891486     
    21.41068447412354     
    21.45575959933222     
    21.50083472454090     
    21.54590984974958     
    21.59098497495826     
    21.63606010016694     
    21.68113522537563     
    21.72621035058431     
    21.77128547579299     
    21.81636060100167     
    21.86143572621035     
    21.90651085141903     
    21.95158597662771     
    21.99666110183639     
    22.04173622704507     
    22.08681135225376     
    22.13188647746244     
    22.17696160267112     
    22.22203672787980     
    22.26711185308848     
    22.31218697829716     
    22.35726210350584     
    22.40233722871453     
    22.44741235392321     
    22.49248747913188     
    22.53756260434057     
    22.58263772954925     
    22.62771285475793     
    22.67278797996661     
    22.71786310517529     
    22.76293823038397     
    22.80801335559265     
    22.85308848080134     
    22.89816360601002     
    22.94323873121870     
    22.98831385642738     
    23.03338898163606     
    23.07846410684474     
    23.12353923205342     
    23.16861435726210     
    23.21368948247078     
    23.25876460767947     
    23.30383973288815     
    23.34891485809683     
    23.39398998330551     
    23.43906510851419     
    23.48414023372287     
    23.52921535893155     
    23.57429048414023     
    23.61936560934891     
    23.66444073455760     
    23.70951585976628     
    23.75459098497496     
    23.79966611018364     
    23.84474123539232     
    23.88981636060100     
    23.93489148580968     
    23.97996661101837     
    24.02504173622705     
    24.07011686143573     
    24.11519198664441     
    24.16026711185309     
    24.20534223706177     
    24.25041736227045     
    24.29549248747913     
    24.34056761268781     
    24.38564273789649     
    24.43071786310518     
    24.47579298831386     
    24.52086811352254     
    24.56594323873122     
    24.61101836393990     
    24.65609348914858     
    24.70116861435726     
    24.74624373956594     
    24.79131886477462     
    24.83639398998331     
    24.88146911519199     
    24.92654424040067     
    24.97161936560935     
    25.01669449081803     
    25.06176961602671     
    25.10684474123539     
    25.15191986644408     
    25.19699499165275     
    25.24207011686143     
    25.28714524207012     
    25.33222036727880     
    25.37729549248748     
    25.42237061769616     
    25.46744574290484     
    25.51252086811352     
    25.55759599332220     
    25.60267111853089     
    25.64774624373957     
    25.69282136894825     
    25.73789649415693     
    25.78297161936561     
    25.82804674457429     
    25.87312186978297     
    25.91819699499165     
    25.96327212020033     
    26.00834724540902     
    26.05342237061770     
    26.09849749582638     
    26.14357262103506     
    26.18864774624374     
    26.23372287145242     
    26.27879799666110     
    26.32387312186978     
    26.36894824707846     
    26.41402337228715     
    26.45909849749583     
    26.50417362270451     
    26.54924874791319     
    26.59432387312187     
    26.63939899833055     
    26.68447412353923     
    26.72954924874791     
    26.77462437395659     
    26.81969949916527     
    26.86477462437396     
    26.90984974958264     
    26.95492487479132     
    27.00000000000000     
    27.04507512520868     
    27.09015025041736     
    27.13522537562604     
    27.18030050083473     
