  -8.4073717473356502E-003
  -5.6035490416441874E-003
  -2.8013649317572085E-003
    0.000000000000000     
   2.8013649317572085E-003
   5.6035490416441874E-003
   8.4073717473356502E-003
   1.1213652945666251E-002
   1.4023213252385687E-002
   1.6836874242124038E-002
   1.9655458688637505E-002
   2.2479790805404781E-002
   2.5310696486644441E-002
   2.8149003548823822E-002
   3.0995541972729981E-002
   3.3851144146173580E-002
   3.6716645107396612E-002
   3.9592882789255192E-002
   4.2480698264248752E-002
   4.5380935990467393E-002
   4.8294444058529201E-002
   5.1222074439579823E-002
   5.4164683234426747E-002
   5.7123130923881264E-002
   6.0098282620381194E-002
   6.3091008320967923E-002
   6.6102183161691933E-002
   6.9132687673521001E-002
   7.2183408039825966E-002
   7.5255236355519520E-002
   7.8349070887923436E-002
   8.1465816339440958E-002
   8.4606384112110786E-002
   8.7771692574120222E-002
   9.0962667328355493E-002
   9.4180241483067306E-002
   9.7425355924731671E-002
   0.1006989595931847     
   0.1040020097591126     
   0.1073354723039780     
   0.1107003220024638     
   0.1140975428075180     
   0.1175281281380822     
   0.1209930811695881     
   0.1244934151273076     
   0.1280301535826406     
   0.1316043307524291     
   0.1352169918013842     
   0.1388691931477141     
   0.1425620027720430     
   0.1462965005297111     
   0.1500737784665474     
   0.1538949411382063     
   0.1577611059331636     
   0.1616734033994639     
   0.1656329775753170     
   0.1696409863236389     
   0.1736986016706346     
   0.1778070101485242     
   0.1819674131425092     
   0.1861810272420832     
   0.1904490845967882     
   0.1947728332765211     
   0.1991535376364958     
   0.2035924786869668     
   0.2080909544678241     
   0.2126502804281674     
   0.2172717898109705     
   0.2219568340429509     
   0.2267067831297538     
   0.2315230260565720     
   0.2364069711943137     
   0.2413600467114402     
   0.2463837009915920     
   0.2514794030571274     
   0.2566486429986947     
   0.2618929324109669     
   0.2672138048346633     
   0.2726128162049897     
   0.2780915453066256     
   0.2836515942353952     
   0.2892945888667534     
   0.2950221793312264     
   0.3008360404969441     
   0.3067378724594074     
   0.3127294010386313     
   0.3188123782838119     
   0.3249885829856617     
   0.3312598211965658     
   0.3376279267587097     
   0.3440947618403336     
   0.3506622174802691     
   0.3573322141409191     
   0.3641067022698417     
   0.3709876628701016     
   0.3779771080795576     
   0.3850770817592541     
   0.3922896600910888     
   0.3996169521849324     
   0.4070611006953762     
   0.4146242824482902     
   0.4223087090773727     
   0.4301166276708778     
   0.4380503214287121     
   0.4461121103300907     
   0.4543043518119472     
   0.4626294414582983     
   0.4710898137007630     
   0.4796879425304422     
   0.4884263422213648     
   0.4973075680657157     
   0.5063342171210555     
   0.5155089289697563     
   0.5248343864908706     
   0.5343133166446612     
   0.5439484912700231     
   0.5537427278950259     
   0.5636988905608197     
   0.5738198906591409     
   0.5841086877836639     
   0.5945682905954489     
   0.6052017577027383     
   0.6160121985553574     
   0.6270027743539833     
   0.6381766989745471     
   0.6495372399080382     
   0.6610877192159881     
   0.6728315145019105     
   0.6847720598989849     
   0.6969128470742678     
   0.7092574262497315     
   0.7218094072404223     
   0.7345724605100479     
   0.7475503182442966     
   0.7607467754422089     
   0.7741656910259143     
   0.7878109889690603     
   0.8016866594442674     
   0.8157967599899377     
   0.8301454166967651     
   0.8447368254142917     
   0.8595752529778623     
   0.8746650384563366     
   0.8900105944209246     
   0.9056164082355157     
   0.9214870433688777     
   0.9376271407291120     
   0.9540414200207533     
   0.9707346811249088     
   0.9877118055028458     
    1.004977757623435     
    1.022537586414863     
    1.040396426741048     
    1.058559500903179     
    1.077032120166833     
    1.095819686315092     
    1.114927693228146     
    1.134361728489814     
    1.154127475021475     
    1.174230712743871     
    1.194677320267280     
    1.215473276610546     
    1.236624662949465     
    1.258137664395056     
    1.280018571802211     
    1.302273783609279     
    1.324909807709102     
    1.347933263352059     
    1.371350883081676     
    1.395169514703362     
    1.419396123286853     
    1.444037793202946     
    1.469101730195113     
    1.494595263486620     
    1.520525847923741     
    1.546901066155712     
    1.573728630852061     
    1.601016386957952     
    1.628772313988213     
    1.657004528360714     
    1.685721285769781     
    1.714930983600332     
    1.744642163383450     
    1.774863513294106     
    1.805603870691768     
    1.836872224704627     
    1.868677718858208     
    1.901029653749133     
    1.933937489764806     
    1.967410849849833     
    2.001459522319978     
    2.036093463724460     
    2.071322801757473     
    2.107157838219725     
    2.143609052030909     
    2.180687102872800     
    2.218402856790985     
    2.256767785658999     
    2.295798156120542     
    2.335544508749598     
    2.376237386239795     
    2.418806797722667     
    2.466238414287221     
    2.526221061897499     
    2.615261743720655     
    2.764698985067354     
    3.030749273893345     
    3.512819261120272     
    4.383022927502211     
    5.917490193852977     
    8.487451527444108     
    12.43474820994610     
    17.80717280523612     
    24.11876096384882     
