  -0.1140000000000000     
  -7.5999999999999998E-002
  -3.7999999999999999E-002
    0.000000000000000     
   3.7999999999999999E-002
   7.5999999999999998E-002
   0.1140000000000000     
   0.1520000000000000     
   0.1900000000000000     
   0.2280000000000000     
   0.2660000000000000     
   0.3040000000000000     
   0.3420000000000000     
   0.3800000000000000     
   0.4180000000000000     
   0.4560000000000000     
   0.4940000000000000     
   0.5320000000000000     
   0.5700000000000000     
   0.6080000000000000     
   0.6460000000000000     
   0.6839999999999999     
   0.7220000000000000     
   0.7600000000000000     
   0.7979999999999999     
   0.8360000000000000     
   0.8740000000000000     
   0.9119999999999999     
   0.9500000000000000     
   0.9880000000000000     
    1.026000000000000     
    1.064000000000000     
    1.102000000000000     
    1.140000000000000     
    1.178000000000000     
    1.216000000000000     
    1.254000000000000     
    1.292000000000000     
    1.330000000000000     
    1.368000000000000     
    1.406000000000000     
    1.444000000000000     
    1.482000000000000     
    1.520000000000000     
    1.558000000000000     
    1.596000000000000     
    1.634000000000000     
    1.672000000000000     
    1.710000000000000     
    1.748000000000000     
    1.786000000000000     
    1.824000000000000     
    1.862000000000000     
    1.900000000000000     
    1.938000000000000     
    1.976000000000000     
    2.014000000000000     
    2.052000000000000     
    2.090000000000000     
    2.128000000000000     
    2.166000000000000     
    2.204000000000000     
    2.242000000000000     
    2.280000000000000     
    2.318000000000000     
    2.356000000000000     
    2.394000000000000     
    2.432000000000000     
    2.470000000000000     
    2.508000000000000     
    2.546000000000000     
    2.584000000000000     
    2.622000000000000     
    2.660000000000000     
    2.698000000000000     
    2.736000000000000     
    2.774000000000000     
    2.812000000000000     
    2.850000000000000     
    2.888000000000000     
    2.926000000000000     
    2.964000000000000     
    3.002000000000000     
    3.040000000000000     
    3.078000000000000     
    3.116000000000000     
    3.154000000000000     
    3.192000000000000     
    3.230000000000000     
    3.268000000000000     
    3.306000000000000     
    3.344000000000000     
    3.382000000000000     
    3.420000000000000     
    3.458000000000000     
    3.496000000000000     
    3.534000000000000     
    3.572000000000000     
    3.610000000000000     
    3.648000000000000     
    3.686000000000000     
    3.724000000000000     
    3.762000000000000     
    3.800000000000000     
    3.838000000000000     
    3.876000000000000     
