  -9.6543504171632905E-002
  -6.4362336114421936E-002
  -3.2181168057210968E-002
    0.000000000000000     
   3.2181168057210968E-002
   6.4362336114421936E-002
   9.6543504171632905E-002
   0.1287246722288439     
   0.1609058402860548     
   0.1930870083432658     
   0.2252681764004768     
   0.2574493444576877     
   0.2896305125148987     
   0.3218116805721097     
   0.3539928486293207     
   0.3861740166865316     
   0.4183551847437426     
   0.4505363528009536     
   0.4827175208581646     
   0.5148986889153755     
   0.5470798569725864     
   0.5792610250297974     
   0.6114421930870084     
   0.6436233611442194     
   0.6758045292014303     
   0.7079856972586414     
   0.7401668653158523     
   0.7723480333730632     
   0.8045292014302742     
   0.8367103694874851     
   0.8688915375446962     
   0.9010727056019071     
   0.9332538736591180     
   0.9654350417163291     
   0.9976162097735400     
    1.029797377830751     
    1.061978545887962     
    1.094159713945173     
    1.126340882002384     
    1.158522050059595     
    1.190703218116806     
    1.222884386174017     
    1.255065554231228     
    1.287246722288439     
    1.319427890345650     
    1.351609058402861     
    1.383790226460072     
    1.415971394517283     
    1.448152562574494     
    1.480333730631705     
    1.512514898688915     
    1.544696066746126     
    1.576877234803338     
    1.609058402860548     
    1.641239570917759     
    1.673420738974970     
    1.705601907032181     
    1.737783075089392     
    1.769964243146603     
    1.802145411203814     
    1.834326579261025     
    1.866507747318236     
    1.898688915375447     
    1.930870083432658     
    1.963051251489869     
    1.995232419547080     
    2.027413587604291     
    2.059594755661502     
    2.091775923718713     
    2.123957091775924     
    2.156138259833135     
    2.188319427890346     
    2.220500595947557     
    2.252681764004768     
    2.284862932061979     
    2.317044100119189     
    2.349225268176401     
    2.381406436233612     
    2.413587604290822     
    2.445768772348034     
    2.477949940405245     
    2.510131108462455     
    2.542312276519667     
    2.574493444576877     
    2.606674612634088     
    2.638855780691300     
    2.671036948748510     
    2.703218116805721     
    2.735399284862932     
    2.767580452920143     
    2.799761620977354     
    2.831942789034565     
    2.864123957091776     
    2.896305125148987     
    2.928486293206198     
    2.960667461263409     
    2.992848629320620     
    3.025029797377831     
    3.057210965435042     
    3.089392133492253     
    3.121573301549464     
    3.153754469606675     
    3.185935637663886     
    3.218116805721097     
    3.250297973778308     
    3.282479141835519     
    3.314660309892730     
    3.346841477949940     
    3.379022646007152     
    3.411203814064363     
    3.443384982121573     
    3.475566150178785     
    3.507747318235996     
    3.539928486293206     
    3.572109654350418     
    3.604290822407628     
    3.636471990464839     
    3.668653158522051     
    3.700834326579261     
    3.733015494636472     
    3.765196662693683     
    3.797377830750894     
    3.829558998808105     
    3.861740166865316     
    3.893921334922527     
    3.926102502979738     
    3.958283671036949     
    3.990464839094160     
    4.022646007151371     
    4.054827175208582     
    4.087008343265793     
    4.119189511323004     
    4.151370679380215     
    4.183551847437426     
    4.215733015494637     
    4.247914183551848     
    4.280095351609059     
    4.312276519666270     
    4.344457687723481     
    4.376638855780691     
    4.408820023837903     
    4.441001191895114     
    4.473182359952324     
    4.505363528009536     
    4.537544696066747     
    4.569725864123957     
    4.601907032181169     
    4.634088200238379     
    4.666269368295590     
    4.698450536352802     
    4.730631704410012     
    4.762812872467223     
    4.794994040524434     
    4.827175208581645     
    4.859356376638856     
    4.891537544696067     
    4.923718712753278     
    4.955899880810489     
    4.988081048867700     
    5.020262216924911     
    5.052443384982122     
    5.084624553039333     
    5.116805721096544     
    5.148986889153755     
    5.181168057210966     
    5.213349225268177     
    5.245530393325388     
    5.277711561382599     
    5.309892729439810     
    5.342073897497021     
    5.374255065554232     
    5.406436233611442     
    5.438617401668654     
    5.470798569725865     
    5.502979737783075     
    5.535160905840287     
    5.567342073897498     
    5.599523241954708     
    5.631704410011920     
    5.663885578069131     
    5.696066746126341     
    5.728247914183553     
    5.760429082240763     
    5.792610250297974     
    5.824791418355185     
    5.856972586412396     
    5.889153754469607     
    5.921334922526818     
    5.953516090584029     
    5.985697258641240     
    6.017878426698451     
    6.050059594755662     
    6.082240762812873     
    6.114421930870084     
    6.146603098927295     
    6.178784266984506     
    6.210965435041717     
    6.243146603098928     
    6.275327771156139     
    6.307508939213350     
    6.339690107270560     
    6.371871275327772     
    6.404052443384983     
    6.436233611442193     
    6.468414779499405     
    6.500595947556616     
    6.532777115613826     
    6.564958283671038     
    6.597139451728249     
    6.629320619785459     
    6.661501787842671     
    6.693682955899881     
    6.725864123957092     
    6.758045292014303     
    6.790226460071514     
    6.822407628128725     
    6.854588796185936     
    6.886769964243147     
    6.918951132300358     
    6.951132300357569     
    6.983313468414780     
    7.015494636471991     
    7.047675804529202     
    7.079856972586413     
    7.112038140643624     
    7.144219308700835     
    7.176400476758046     
    7.208581644815257     
    7.240762812872468     
    7.272943980929679     
    7.305125148986890     
    7.337306317044101     
    7.369487485101311     
    7.401668653158523     
    7.433849821215734     
    7.466030989272944     
    7.498212157330156     
    7.530393325387367     
    7.562574493444577     
    7.594755661501789     
    7.626936829559000     
    7.659117997616210     
    7.691299165673422     
    7.723480333730633     
    7.755661501787843     
    7.787842669845054     
    7.820023837902265     
    7.852205005959476     
    7.884386174016687     
    7.916567342073898     
    7.948748510131109     
    7.980929678188320     
    8.013110846245532     
    8.045292014302742     
    8.077473182359952     
    8.109654350417165     
    8.141835518474375     
    8.174016686531585     
    8.206197854588797     
    8.238379022646008     
    8.270560190703218     
    8.302741358760430     
    8.334922526817641     
    8.367103694874851     
    8.399284862932063     
    8.431466030989274     
    8.463647199046484     
    8.495828367103696     
    8.528009535160907     
    8.560190703218117     
    8.592371871275329     
    8.624553039332540     
    8.656734207389750     
    8.688915375446962     
    8.721096543504173     
    8.753277711561383     
    8.785458879618595     
    8.817640047675805     
    8.849821215733016     
    8.882002383790228     
    8.914183551847438     
    8.946364719904649     
    8.978545887961861     
    9.010727056019071     
    9.042908224076282     
    9.075089392133494     
    9.107270560190704     
    9.139451728247915     
    9.171632896305127     
    9.203814064362337     
    9.235995232419548     
    9.268176400476758     
    9.300357568533970     
    9.332538736591180     
    9.364719904648391     
    9.396901072705603     
    9.429082240762813     
    9.461263408820024     
    9.493444576877236     
    9.525625744934446     
    9.557806912991657     
    9.589988081048869     
    9.622169249106079     
    9.654350417163290     
    9.686531585220502     
    9.718712753277712     
    9.750893921334923     
    9.783075089392135     
    9.815256257449345     
    9.847437425506556     
    9.879618593563768     
    9.911799761620978     
    9.943980929678188     
    9.976162097735401     
    10.00834326579261     
    10.04052443384982     
    10.07270560190703     
    10.10488676996424     
    10.13706793802145     
    10.16924910607867     
    10.20143027413588     
    10.23361144219309     
    10.26579261025030     
    10.29797377830751     
    10.33015494636472     
    10.36233611442193     
    10.39451728247914     
    10.42669845053635     
    10.45887961859357     
    10.49106078665078     
    10.52324195470799     
    10.55542312276520     
    10.58760429082241     
    10.61978545887962     
    10.65196662693683     
    10.68414779499404     
    10.71632896305125     
    10.74851013110846     
    10.78069129916567     
    10.81287246722288     
    10.84505363528010     
    10.87723480333731     
    10.90941597139452     
    10.94159713945173     
    10.97377830750894     
    11.00595947556615     
    11.03814064362336     
    11.07032181168057     
    11.10250297973778     
    11.13468414779500     
    11.16686531585221     
    11.19904648390942     
    11.23122765196663     
    11.26340882002384     
    11.29558998808105     
    11.32777115613826     
    11.35995232419547     
    11.39213349225268     
    11.42431466030989     
    11.45649582836711     
    11.48867699642432     
    11.52085816448153     
    11.55303933253874     
    11.58522050059595     
    11.61740166865316     
    11.64958283671037     
    11.68176400476758     
    11.71394517282479     
    11.74612634088200     
    11.77830750893921     
    11.81048867699642     
    11.84266984505364     
    11.87485101311085     
    11.90703218116806     
    11.93921334922527     
    11.97139451728248     
    12.00357568533969     
    12.03575685339690     
    12.06793802145411     
    12.10011918951132     
    12.13230035756854     
    12.16448152562575     
    12.19666269368296     
    12.22884386174017     
    12.26102502979738     
    12.29320619785459     
    12.32538736591180     
    12.35756853396901     
    12.38974970202622     
    12.42193087008343     
    12.45411203814064     
    12.48629320619786     
    12.51847437425507     
    12.55065554231228     
    12.58283671036949     
    12.61501787842670     
    12.64719904648391     
    12.67938021454112     
    12.71156138259833     
    12.74374255065554     
    12.77592371871275     
    12.80810488676997     
    12.84028605482718     
    12.87246722288439     
    12.90464839094160     
    12.93682955899881     
    12.96901072705602     
    13.00119189511323     
    13.03337306317044     
    13.06555423122765     
    13.09773539928486     
    13.12991656734208     
    13.16209773539929     
    13.19427890345650     
    13.22646007151371     
    13.25864123957092     
    13.29082240762813     
    13.32300357568534     
    13.35518474374255     
    13.38736591179976     
    13.41954707985697     
    13.45172824791418     
    13.48390941597139     
    13.51609058402861     
    13.54827175208582     
    13.58045292014303     
    13.61263408820024     
    13.64481525625745     
    13.67699642431466     
    13.70917759237187     
    13.74135876042908     
    13.77353992848629     
    13.80572109654351     
    13.83790226460072     
    13.87008343265793     
    13.90226460071514     
    13.93444576877235     
    13.96662693682956     
    13.99880810488677     
    14.03098927294398     
    14.06317044100119     
    14.09535160905840     
    14.12753277711561     
    14.15971394517283     
    14.19189511323004     
    14.22407628128725     
    14.25625744934446     
    14.28843861740167     
    14.32061978545888     
    14.35280095351609     
    14.38498212157330     
    14.41716328963051     
    14.44934445768772     
    14.48152562574494     
    14.51370679380215     
    14.54588796185936     
    14.57806912991657     
    14.61025029797378     
    14.64243146603099     
    14.67461263408820     
    14.70679380214541     
    14.73897497020262     
    14.77115613825984     
    14.80333730631705     
    14.83551847437426     
    14.86769964243147     
    14.89988081048868     
    14.93206197854589     
    14.96424314660310     
    14.99642431466031     
    15.02860548271752     
    15.06078665077473     
    15.09296781883194     
    15.12514898688915     
    15.15733015494637     
    15.18951132300358     
    15.22169249106079     
    15.25387365911800     
    15.28605482717521     
    15.31823599523242     
    15.35041716328963     
    15.38259833134684     
    15.41477949940405     
    15.44696066746127     
    15.47914183551848     
    15.51132300357569     
    15.54350417163290     
    15.57568533969011     
    15.60786650774732     
    15.64004767580453     
    15.67222884386174     
    15.70441001191895     
    15.73659117997616     
    15.76877234803337     
    15.80095351609059     
    15.83313468414780     
    15.86531585220501     
    15.89749702026222     
    15.92967818831943     
    15.96185935637664     
    15.99404052443385     
    16.02622169249106     
    16.05840286054827     
    16.09058402860548     
    16.12276519666269     
    16.15494636471990     
    16.18712753277712     
    16.21930870083433     
    16.25148986889154     
    16.28367103694875     
    16.31585220500596     
    16.34803337306317     
    16.38021454112038     
    16.41239570917759     
    16.44457687723481     
    16.47675804529202     
    16.50893921334923     
    16.54112038140644     
    16.57330154946365     
    16.60548271752086     
    16.63766388557807     
    16.66984505363528     
    16.70202622169249     
    16.73420738974970     
    16.76638855780691     
    16.79856972586413     
    16.83075089392134     
    16.86293206197855     
    16.89511323003576     
    16.92729439809297     
    16.95947556615018     
    16.99165673420739     
    17.02383790226460     
    17.05601907032181     
    17.08820023837902     
    17.12038140643623     
    17.15256257449344     
    17.18474374255066     
    17.21692491060787     
    17.24910607866508     
    17.28128724672229     
    17.31346841477950     
    17.34564958283671     
    17.37783075089392     
    17.41001191895113     
    17.44219308700835     
    17.47437425506556     
    17.50655542312277     
    17.53873659117998     
    17.57091775923719     
    17.60309892729440     
    17.63528009535161     
    17.66746126340882     
    17.69964243146603     
    17.73182359952324     
    17.76400476758046     
    17.79618593563767     
    17.82836710369488     
    17.86054827175209     
    17.89272943980930     
    17.92491060786651     
    17.95709177592372     
    17.98927294398093     
    18.02145411203814     
    18.05363528009535     
    18.08581644815256     
    18.11799761620977     
    18.15017878426699     
    18.18235995232420     
    18.21454112038141     
    18.24672228843862     
    18.27890345649583     
    18.31108462455304     
    18.34326579261025     
    18.37544696066746     
    18.40762812872467     
    18.43980929678188     
    18.47199046483910     
    18.50417163289631     
    18.53635280095352     
    18.56853396901073     
    18.60071513706794     
    18.63289630512515     
    18.66507747318236     
    18.69725864123957     
    18.72943980929678     
    18.76162097735400     
    18.79380214541121     
    18.82598331346842     
    18.85816448152563     
    18.89034564958284     
    18.92252681764005     
    18.95470798569726     
    18.98688915375447     
    19.01907032181168     
    19.05125148986889     
    19.08343265792610     
    19.11561382598331     
    19.14779499404053     
    19.17997616209774     
    19.21215733015495     
    19.24433849821216     
    19.27651966626937     
    19.30870083432658     
    19.34088200238379     
    19.37306317044100     
    19.40524433849821     
    19.43742550655542     
    19.46960667461263     
    19.50178784266985     
    19.53396901072706     
    19.56615017878427     
    19.59833134684148     
    19.63051251489869     
    19.66269368295590     
    19.69487485101311     
    19.72705601907033     
    19.75923718712754     
    19.79141835518475     
    19.82359952324196     
    19.85578069129917     
    19.88796185935638     
    19.92014302741359     
    19.95232419547080     
    19.98450536352801     
    20.01668653158522     
    20.04886769964243     
    20.08104886769964     
    20.11323003575686     
    20.14541120381407     
    20.17759237187128     
    20.20977353992849     
    20.24195470798570     
    20.27413587604291     
    20.30631704410012     
    20.33849821215733     
    20.37067938021454     
    20.40286054827175     
    20.43504171632896     
    20.46722288438617     
    20.49940405244339     
    20.53158522050060     
    20.56376638855781     
    20.59594755661502     
    20.62812872467223     
    20.66030989272944     
    20.69249106078665     
    20.72467222884386     
    20.75685339690108     
    20.78903456495829     
    20.82121573301550     
    20.85339690107271     
    20.88557806912992     
    20.91775923718713     
    20.94994040524434     
    20.98212157330155     
    21.01430274135876     
    21.04648390941597     
    21.07866507747318     
    21.11084624553040     
    21.14302741358761     
    21.17520858164482     
    21.20738974970203     
    21.23957091775924     
    21.27175208581645     
    21.30393325387366     
    21.33611442193087     
    21.36829558998808     
    21.40047675804529     
    21.43265792610250     
    21.46483909415971     
    21.49702026221693     
    21.52920143027414     
    21.56138259833135     
    21.59356376638856     
    21.62574493444577     
    21.65792610250298     
    21.69010727056019     
    21.72228843861740     
    21.75446960667461     
    21.78665077473183     
    21.81883194278904     
    21.85101311084625     
    21.88319427890346     
    21.91537544696067     
    21.94755661501788     
    21.97973778307509     
    22.01191895113230     
    22.04410011918951     
    22.07628128724673     
    22.10846245530394     
    22.14064362336115     
    22.17282479141836     
    22.20500595947557     
    22.23718712753278     
    22.26936829558999     
    22.30154946364720     
    22.33373063170441     
    22.36591179976162     
    22.39809296781883     
    22.43027413587604     
    22.46245530393326     
    22.49463647199047     
    22.52681764004768     
    22.55899880810489     
    22.59117997616210     
    22.62336114421931     
    22.65554231227652     
    22.68772348033373     
    22.71990464839094     
    22.75208581644815     
    22.78426698450536     
    22.81644815256258     
    22.84862932061979     
    22.88081048867700     
    22.91299165673421     
    22.94517282479142     
    22.97735399284863     
    23.00953516090584     
    23.04171632896305     
    23.07389749702027     
    23.10607866507748     
    23.13825983313469     
    23.17044100119190     
    23.20262216924911     
    23.23480333730632     
    23.26698450536353     
    23.29916567342074     
    23.33134684147795     
    23.36352800953516     
    23.39570917759237     
    23.42789034564958     
    23.46007151370680     
    23.49225268176401     
    23.52443384982122     
    23.55661501787843     
    23.58879618593564     
    23.62097735399285     
    23.65315852205006     
    23.68533969010727     
    23.71752085816448     
    23.74970202622169     
    23.78188319427890     
    23.81406436233612     
    23.84624553039333     
    23.87842669845054     
    23.91060786650775     
    23.94278903456496     
    23.97497020262217     
    24.00715137067938     
    24.03933253873659     
    24.07151370679381     
    24.10369487485102     
    24.13587604290823     
    24.16805721096544     
    24.20023837902265     
    24.23241954707986     
    24.26460071513707     
    24.29678188319428     
    24.32896305125149     
    24.36114421930870     
    24.39332538736591     
    24.42550655542313     
    24.45768772348034     
    24.48986889153755     
    24.52205005959476     
    24.55423122765197     
    24.58641239570918     
    24.61859356376639     
    24.65077473182360     
    24.68295589988081     
    24.71513706793802     
    24.74731823599523     
    24.77949940405244     
    24.81168057210965     
    24.84386174016687     
    24.87604290822408     
    24.90822407628129     
    24.94040524433850     
    24.97258641239571     
    25.00476758045292     
    25.03694874851013     
    25.06912991656734     
    25.10131108462456     
    25.13349225268177     
    25.16567342073898     
    25.19785458879619     
    25.23003575685340     
    25.26221692491061     
    25.29439809296782     
    25.32657926102503     
    25.35876042908224     
    25.39094159713945     
    25.42312276519667     
    25.45530393325388     
    25.48748510131109     
    25.51966626936830     
    25.55184743742551     
    25.58402860548272     
    25.61620977353993     
    25.64839094159714     
    25.68057210965435     
    25.71275327771156     
    25.74493444576877     
    25.77711561382598     
    25.80929678188320     
    25.84147794994041     
    25.87365911799762     
    25.90584028605483     
    25.93802145411204     
    25.97020262216925     
    26.00238379022646     
    26.03456495828367     
    26.06674612634088     
    26.09892729439810     
    26.13110846245531     
    26.16328963051252     
    26.19547079856973     
    26.22765196662694     
    26.25983313468415     
    26.29201430274136     
    26.32419547079857     
    26.35637663885578     
    26.38855780691300     
    26.42073897497021     
    26.45292014302742     
    26.48510131108463     
    26.51728247914184     
    26.54946364719905     
    26.58164481525626     
    26.61382598331347     
    26.64600715137068     
    26.67818831942789     
    26.71036948748510     
    26.74255065554231     
    26.77473182359952     
    26.80691299165674     
    26.83909415971395     
    26.87127532777116     
    26.90345649582837     
    26.93563766388558     
    26.96781883194279     
    27.00000000000000     
    27.03218116805721     
    27.06436233611442     
    27.09654350417163     
    27.12872467222885     
